0.9999995896437986 0.00025677478059958625 -0.000868780148301961 0.0 -0.00026324028921663467 0.9999722126564773 -0.007450142244184232 0.0 0.0008668429985693143 0.0074503678849096675 0.9999718699051464 0.0
0.9999972465102692 0.0006716357731412795 -0.002248527799970355 1.8361728565075655 -0.0007072124996922367 0.999873987967231 -0.01585900491786294 16.112920179595722 0.0022375929833822476 0.01586055143722182 0.9998717098136874 0.25298369174832136
0.9999938198729053 0.0011270748752045953 -0.0033301528824459777 3.6005391342573203 -0.0012050743934979415 0.9997227863438504 -0.023513788733276222 32.23321069884069 0.003302727918087872 0.02351765649703845 0.9997179661390432 0.5825840143107162
0.9999929528532581 0.0014354667416365428 -0.003468959361897333 4.966470206638024 -0.0015470733568558595 0.9994741939968961 -0.0323873756004175 48.38630366837242 0.003420644361717163 0.03239251409643388 0.9994693713279372 1.149486367436283
0.9999900458761176 0.0017644603786448325 -0.004098149369136586 6.548600491575109 -0.0019268733972151752 0.9991989816121407 -0.039971018302909285 64.51665133444321 0.004024339398046391 0.0399785170414386 0.9991924353534589 1.8149305372541387
0.999984443512507 0.002176012649443647 -0.0051359226951735604 8.220935689433984 -0.0024257334505367414 0.9987895507873923 -0.04912788470049703 80.63311172976343 0.005022803023042587 0.049139578822654184 0.99877929155691 2.603617155756846
0.9999827373564286 0.0025626795041728146 -0.005287500629003654 9.553769425866156 -0.002874175381591384 0.9982079841924137 -0.059770890995471684 96.76684119899397 0.005124851706993704 0.059785056396022544 0.9981981180741147 3.6575491116521346
0.9999688902478922 0.00281170270180382 -0.007369726203465916 11.653175623237669 -0.003303325356768825 0.9977091719885033 -0.06756845544779767 112.82240507623997 0.007162861019502793 0.06759069801333879 0.9976874214723184 4.668286713621807
0.9999611821971218 0.0031847217801810896 -0.008215329945633763 13.228297570419274 -0.003810757769914215 0.9969967480379515 -0.07734961232590272 128.92366464979983 0.007944320244793057 0.07737791641632157 0.9969701830179853 5.89501804598174
0.9999578421185873 0.003596871262912846 -0.008448461555499298 14.6453850070745 -0.0043058991267325205 0.9963319493724452 -0.08546406199340723 145.02534050872657 0.008110068942193209 0.08549683723285083 0.9963054338931061 7.306025976661868
0.9999678800508508 0.003781369386607563 -0.007066831833823297 15.561710874259349 -0.004411065183499407 0.9958111739380886 -0.09132715020185275 161.15991576723727 0.006691888414523628 0.09135538903429227 0.995795868400667 8.764057022186769
0.9999713671709469 0.003879275547526672 -0.006497388667107357 16.70002619350766 -0.004506097077645398 0.9950356604747227 -0.09941694761336653 177.26858570270366 0.006079467689850375 0.09944337888898588 0.9950246501809629 10.355391840403598
0.9999653760396703 0.004236823188001757 -0.007162126158633647 18.281272050956495 -0.004981350032928329 0.9942082272685925 -0.10735542363239886 193.314869468412 0.006665798803446104 0.10738738361984618 0.9941949089416993 12.188822851364222
0.9999585742032223 0.004498127123995239 -0.007913073349380849 19.889994679591542 -0.005383094259699241 0.9932778800814187 -0.11562904149543735 209.34790178828874 0.007339766593529866 0.1156668482899845 0.9932609465961154 14.119342966172795
0.9999517962224149 0.00466712367919361 -0.00863847139986152 21.51253273956202 -0.005696170485741936 0.9923633011757649 -0.12321782387842754 225.36361834388944 0.007997429171957502 0.12326109051967873 0.9923420502480668 16.184650799345427
0.9999486876062834 0.0046280547195166446 -0.009011285367904284 22.980739062954807 -0.005765451445018876 0.9914192676645591 -0.13059324359668992 241.3905560931568 0.008329569262799623 0.13063849667300176 0.9913950783935291 18.285010720824285
0.9999434556396977 0.004545327818724088 -0.009613819134850791 24.485219023769982 -0.00584641370092988 0.9901395425023021 -0.13996251576821908 257.38681787173994 0.008882846963381595 0.1400108080412059 0.9901101295620964 20.59040949181839
0.9999310174906512 0.004757176993588825 -0.010739158587155934 26.240649747622328 -0.006290999466890042 0.9890198581512065 -0.1476487165818723 273.33380492052817 0.009918850024876578 0.14770609144384597 0.9889815604775267 23.060211798919795
0.9999282788784299 0.005040526457501434 -0.010864170113246516 27.62363457775168 -0.006668692955216863 0.9878174973647704 -0.15547385771977926 289.3042417880582 0.009948147238926446 0.15553515677502622 0.9877802637092312 25.619464670543557
0.9999265093335545 0.005195086668007437 -0.010953858065632508 28.93797728351149 -0.006933123475872334 0.9862447437270233 -0.16514610885420627 305.2615413401714 0.009945236592380731 0.16520991660711087 0.9862082821208664 28.299768426624347
0.9999229395669145 0.00532346517556389 -0.011214974203392914 30.325061937937924 -0.007200225211773407 0.9846134275607528 -0.17459826752853166 321.19598613565637 0.010112946393506725 0.17466556325042754 0.9845758829717749 31.083005707447256
0.9999137079109869 0.005372425935485726 -0.011988067870475405 31.92615267290985 -0.007473947535912865 0.9831194239682495 -0.18281230353717065 337.0700854650825 0.010803556818465499 0.18288612647192096 0.9830747417689888 34.09243519116638
0.9999042049203483 0.005571209301978424 -0.012670541011200024 33.513471729713324 -0.007881901429374087 0.9816823376991035 -0.19036192759971612 352.92046798207036 0.01137790017800149 0.19044355981900524 0.9816322090839324 37.23624066106835
0.999892979846167 0.005555468036416079 -0.013533869706997222 35.13450112179681 -0.008136402593286837 0.9799964150746484 -0.19884875004303154 368.7486941926043 0.01215844591999981 0.1989375862317927 0.9799367372320907 40.47786112315183
0.9998817749438995 0.005601779394881732 -0.014319783610271893 36.7321698470486 -0.008447658210696452 0.978268715691104 -0.207168909276541 384.53765909681124 0.012848081794150923 0.20726538535820915 0.9782003817350109 43.92108442237884
0.9998758895715569 0.005698215331112264 -0.01468794728765427 38.16971692648868 -0.00873428081666964 0.9764016688180231 -0.21578575826034793 400.32314265769406 0.01311174252722191 0.21588726565366811 0.9763302570014308 47.454238339659206
0.9998494732133631 0.00593289962136524 -0.016304343502254175 40.07219489568434 -0.00943111338366574 0.9746103518625224 -0.2237089987969932 416.028412548773 0.014563138923360643 0.2238290927124776 0.9745196007470582 51.126843038848364
0.9998503565987804 0.006052527752727676 -0.01620590377271249 41.36648929318271 -0.009636227400560938 0.9728629107540276 -0.23118153040561895 431.762184855366 0.014366890087022771 0.2313030993890945 0.972775651772917 54.943674144324156
0.999821319465309 0.0064313488422316255 -0.017775457651327754 43.263982414239315 -0.0104778023811386 0.9712208921597731 -0.23794998274770876 447.3620606036329 0.01573355649261743 0.2380937134500658 0.9711147402936735 59.05107234331377
0.9998033675816349 0.006324629587227202 -0.018794287243810496 44.94581000241414 -0.010761483942919316 0.9691202557351809 -0.24635364902335521 463.00797313500226 0.016655828882547984 0.24650746232996676 0.9689977576753582 63.08056776665657
0.9997838217255114 0.006275671260247089 -0.019822355212241675 46.61068017913437 -0.011121504871516077 0.9669264690046647 -0.2548127070370765 478.6121236191241 0.017567639150431073 0.25497807648580856 0.9667872354175321 67.27956189696127
0.999773659583681 0.00618046038121292 -0.020357591019717722 48.10621832234158 -0.011321251742077383 0.9646977036683085 -0.26311626668848087 494.20184126181397 0.01801274164701991 0.263287186255934 0.9645493241362976 71.59813723920834
0.9997795396455254 0.006229875757280731 -0.020051452671215744 49.256116405182624 -0.011468896521211299 0.9619531237422976 -0.27297372059416314 509.7719213902628 0.017587965168342837 0.273143508746744 0.9618125010160516 76.09366137019165
0.999753991320953 0.006282265614537904 -0.02127181178386734 51.03353352252268 -0.01199435912414232 0.9598530524421911 -0.28024677173271456 525.2381110042447 0.018657228814079486 0.28043297034434944 0.9596922720105764 80.74456224113422
0.9997321534993648 0.00569750196843238 -0.022431222232359965 52.694433077785085 -0.011975645641404006 0.9567296492325595 -0.2907317701779653 540.7243428853727 0.01980417054534891 0.29092252705945726 0.956541623808576 85.37544229937673
0.9997450975781526 0.005706444215840049 -0.021844366844946245 53.83230184292886 -0.011951190661834912 0.9546189720642623 -0.29758996491268636 556.1876476308117 0.01915486648894941 0.29777517470296294 0.9544438361791688 90.23883714950739
0.9997295206041863 0.005681451237178589 -0.02255231128638361 55.381348012531 -0.012305622815992494 0.9520632851739398 -0.30565351735406876 571.5663102014927 0.019734672017260393 0.30584836461168485 0.9518756854677647 95.25807930648027
0.9997257352502676 0.005325370783256548 -0.02280558493718695 56.7662195659093 -0.012206679851837389 0.9495522467496859 -0.3133712297892333 586.912911377848 0.019986276424113797 0.31356366358148324 0.9493568231366198 100.42472348287895
0.9997131464145873 0.005306345700550342 -0.02335524740066758 58.24509101017417 -0.012540991750582342 0.9467557103065283 -0.32170848376735595 602.204394186493 0.020404617412534163 0.3219090985003136 0.9465506768741764 105.73025121277888
0.9996823199549132 0.005128013410502512 -0.02467716855755961 59.98951065972349 -0.01298681630948583 0.943907844418184 -0.32995351770811476 617.4368632168154 0.021600966915860553 0.33016917591482736 0.9436745802998096 111.12739885640727
0.9996579544558969 0.004924262716792195 -0.025685126624992276 61.62568904183409 -0.013319111621358274 0.9410669282540236 -0.337958041496503 632.5979797440262 0.02250722903121579 0.33818454752284177 0.9408106273092928 116.75760344823533
0.9996508352028787 0.004702914178768683 -0.026001736026806763 63.00982676032577 -0.013425954232906523 0.9379455402734032 -0.3465225926749476 647.7728757796165 0.022758546331355288 0.34675069730205 0.9376811838196516 122.42136064455269
0.9996524111191085 0.00455241615612826 -0.025967911947008277 64.2964133569282 -0.013453533456288044 0.9351637891801273 -0.35396001164510754 662.896605080665 0.02267287765782369 0.35418633925294846 0.934899982728263 128.2458710799149
0.9996496912370423 0.00437993669767078 -0.02610193410848865 65.58821827174847 -0.013567253465014898 0.9315824464667686 -0.3632768573256549 677.9592578750018 0.022724973995485155 0.363503729815131 0.9313155286836952 134.22845667641246
0.9996225870855557 0.004227876698139758 -0.027144215718992934 67.25202247291564 -0.013993419733004702 0.9286539556429182 -0.37068317317209704 692.9512263637343 0.023640380550020722 0.37092311295925384 0.9283626321002288 140.29909809888423
0.9996159310587729 0.004117139840320852 -0.027405100493000017 68.62497408387163 -0.01418828577535621 0.9254985228090192 -0.37848537200937943 707.9016369551318 0.023805102819625796 0.37872883893077897 0.9252014827278917 146.5454499232616
0.99958779586245 0.003794469574239977 -0.02845769427577301 70.25787392086016 -0.014506097830127995 0.922143286518163 -0.386576424857003 722.7800968384244 0.02477521924395195 0.38682988655238193 0.9218182181869067 152.90301515570056
0.9995417834452394 0.003632457022453165 -0.03005043099664305 72.07974821550206 -0.015197448135664147 0.9187974447070031 -0.3944366782768098 737.6178579697033 0.02617748493013997 0.3947126307275446 0.9184316405845735 159.30709692892438
0.9994833965859795 0.0030559288492023893 -0.03199376889045657 74.00980415695092 -0.015687723769007872 0.9152126503626903 -0.4026657421969805 752.3440167916436 0.028050584163160766 0.4029596331085356 0.9147877889506055 165.93606187723373
0.99951658182703 0.0023606490813717278 -0.031000483685246518 74.8414102385823 -0.014910382096554426 0.9113595068026031 -0.41134113563592084 767.1157817544951 0.02728155344805892 0.4116045149125894 0.9109541372347079 172.6939449106896
0.9994855217996355 0.002058759676837973 -0.03200708080249798 76.43441041713734 -0.015295473530313833 0.9077447498139687 -0.4192439834686447 781.7501815911253 0.02819113694741664 0.41951785503571354 0.9073092246328396 179.61493343116638
0.9994733247431267 0.0017309695953527683 -0.03240488961831069 77.8282891717061 -0.015399400344620204 0.9042789438762913 -0.4266643295742026 796.3636398474854 0.028564516378559064 0.4269386318971811 0.9038293384250263 186.62531299665048
0.9994576271670842 0.0013423753180573231 -0.03290364001203792 79.22249075068464 -0.015519614236768993 0.9004527526768238 -0.4346768705264538 810.8922003865783 0.029044673719601524 0.43495176540075603 0.8999852047135476 193.81258484870935
0.9994324817544992 0.0010339855149488712 -0.03366964935950802 80.73619161686877 -0.015821245697043507 0.8968320296779727 -0.4420882250504768 825.3745992126412 0.02973890715260141 0.4423700277116901 0.8963394200768624 201.07117184396685
0.9994051429168511 0.0006684497851603981 -0.034480624794620156 82.23604197413998 -0.016132141182953065 0.892743787154114 -0.45027578717779443 839.8066491483395 0.03048137680938712 0.450564183743685 0.8922235157151988 208.4348243068417
0.9993967953108479 0.00032210005897927087 -0.03472667237087719 83.57108576452555 -0.016187157166314046 0.8890090607430698 -0.4576033936277099 854.1238292227355 0.030724932307088993 0.4578894912184325 0.8884780201932112 216.0526929339571
0.9993289613639811 -0.00022742049616353768 -0.036627520515320464 85.40607247712511 -0.016879503315457237 0.8846103128051771 -0.46602540364936035 868.3637296802475 0.03250706610885822 0.46633093695212074 0.8840128663624474 223.71383082165926
0.9992976664560852 -0.0006850302823418335 -0.03746604528010309 86.91027904750078 -0.017155231962891305 0.8805376549368907 -0.47366563761216585 882.5680364664288 0.033314738956170195 0.47397570504378345 0.8799074719517556 231.51442667549694
0.9992757877858469 -0.0011657887668625213 -0.03803341795739763 88.33640492366314 -0.017276650463184273 0.876664726518905 -0.48079150847982505 896.7067955967464 0.03390305729199108 0.481100403464893 0.8760096942912058 239.4501234002762
0.9992668975265381 -0.001348436990005222 -0.03826028260960444 89.68885472357864 -0.017436045195552034 0.8736849010855844 -0.48617967660424805 910.7891795658467 0.03408301388700116 0.4864903650975577 0.8730208891152728 247.50062029793895
0.9992650670195234 -0.0017708045335669143 -0.03829086164827177 90.92449155979942 -0.01735737685900733 0.8697469260694737 -0.49319266626874714 924.8237084442577 0.034176707024486774 0.49349483162846147 0.8690769838472061 255.65524587197214
0.9992334876084263 -0.0021502413055305945 -0.03908725756847187 92.41257160257707 -0.017711915736342683 0.8656080944757774 -0.5004087477442436 938.791637674797 0.03491024610117779 0.5007174884506628 0.8649065102523008 263.88415645466273
0.9991976536265131 -0.0025594121350443924 -0.039968717727596796 93.93794693596936 -0.018083794662756253 0.8616040025280898 -0.5072588286054465 952.692786271454 0.0357354915715541 0.5075746174082157 0.8608664137977745 272.2210230860105
0.9992074947086681 -0.0031223669403720095 -0.039681649949460523 94.99984420669222 -0.017802005422608 0.8566039512463852 -0.5156672951739456 966.5546805434653 0.035601560653366025 0.5159650390615323 0.855869503689245 280.6964003682363
0.9991447736305007 -0.003282287398402825 -0.04121829589253096 96.61812179540371 -0.018885872563031175 0.8505644252729311 -0.5255316187230421 980.2720535389179 0.036783761966157014 0.525860613708197 0.8497750112859603 289.31999115989544
0.9991038727016138 -0.0038111903563167707 -0.04215360459912613 98.15064963605818 -0.019223565633746012 0.8464288460747723 -0.5321547360090428 993.9064333608353 0.03770816989667652 0.5324882002078506 0.8455970734117085 298.09189021950243
0.9991100684402417 -0.004300219294861997 -0.04195925708762601 99.21708088741835 -0.019117120224061413 0.8405779452818649 -0.5413531690311385 1007.5058015086167 0.03759796345107261 0.5416735419233 0.8397476806306746 306.988567304838
0.9991337160448593 -0.004676942462453165 -0.04135146516856776 100.21359760039202 -0.01874420183642728 0.8365847172104531 -0.5475168178489327 1021.050204050234 0.03715470844858903 0.5478176130238132 0.8357723317393265 315.97894284417157
0.9991045281244266 -0.005113652386928423 -0.04199991000616918 101.61906151367822 -0.019054399279503483 0.8319249041621871 -0.5545609828529529 1034.4570187870327 0.03777660320036601 0.5548646721444798 0.8310825012335658 325.1218461371145
0.9991247534962968 -0.005730585983810521 -0.04143533920749193 102.60763975624904 -0.018530452452173562 0.8274334810274958 -0.5612579236025438 1047.773852112145 0.03750132374830893 0.5615345001502602 0.8266030824150856 334.451124698523
0.9991280663774634 -0.006257024807953291 -0.04127900940402556 103.74103473642987 -0.01826448064629062 0.8235739846906733 -0.5669147206480428 1061.0678619194905 0.037543517730045384 0.5671743483103578 0.8227416015342689 343.79862517004403
0.9990724003044299 -0.0067516637188025095 -0.04252944846770366 105.32436297709349 -0.01891187804070905 0.8184945330763649 -0.5742029608013856 1074.2796349292628 0.038686946363239695 0.5744746420523118 0.8176076111558376 353.19935116455804
0.9990109763710642 -0.007359738856478802 -0.043850921701732166 106.92449396603253 -0.019541562274366518 0.8131852012275713 -0.5816768483001128 1087.3846929113488 0.0399399102903856 0.581958471669963 0.8122371210536713 362.74761503372247
0.9989811448864307 -0.008057780541586252 -0.04440432787616438 108.28899767907322 -0.019608702787142458 0.8087000517295818 -0.5878943145732728 1100.4362257291612 0.04064690561894953 0.5881660467124188 0.8077181009227713 372.40726921655045
0.9989820163802373 -0.008675944939783192 -0.04426803506223745 109.45522221891441 -0.019278137234308067 0.8050958488401547 -0.5928313652339313 1113.3779719650113 0.04078338354826451 0.5930812778698654 0.8041090183965117 382.241176226794
0.9990176511911157 -0.009180075647677066 -0.0433527256315361 110.20866592110737 -0.018756920026851035 0.7987496348464902 -0.6013710990592296 1126.382419917807 0.040148605949480595 0.6015935064839889 0.7977927941493399 392.0346835731855
0.9989987820929753 -0.009674669759918875 -0.0436787607628982 111.45879148494413 -0.018902184266601965 0.7936298980601949 -0.6081071388619907 1139.2188751164304 0.04054800619879399 0.608323915089651 0.7926524292041879 401.9996497672318
0.9989926641236008 -0.010381927402502041 -0.04365630092706029 112.57184315792044 -0.018684900815137757 0.7882817861981702 -0.6150306496669499 1151.9158638821937 0.04079867042874572 0.6152268208812346 0.7872937363904369 412.15974285292685
0.9989452890633465 -0.01115436584204615 -0.044540875393312904 114.05628779870175 -0.018927105185544905 0.7837657707190476 -0.6207680576016071 1164.4996643152124 0.04183388754868759 0.6209563565757568 0.782728004533327 422.4148184713324
0.9989660335203329 -0.010946948422796822 -0.04412514241195479 114.9924467898293 -0.019241206836066335 0.7775609399913471 -0.628513134754767 1177.0497331331353 0.04119028808030431 0.6287122942332212 0.7765463355446728 432.7774436469154
0.9989734710210894 -0.011347659361211198 -0.04385470126556897 115.98795943142284 -0.01918170740164736 0.7710695061562471 -0.6364620010472886 1189.4445472912646 0.04103737683171333 0.6366498624071026 0.7700603134818648 443.321866424763
0.9989285724360466 -0.011863859625076648 -0.044732046741365473 117.43752665357239 -0.019654990283313575 0.7663140649725677 -0.6421654266481354 1201.7677448009083 0.041897357050751455 0.6423566008534629 0.7652598309150592 453.89956777196056
0.9989072009404852 -0.012471301417418422 -0.04504298558259668 118.64410011927758 -0.01979500969311682 0.7601431017934374 -0.6494540956735134 1214.0208900380874 0.04233865255871531 0.64963599918478 0.759065548594259 464.59058642707686
0.998853086678263 -0.01307096790825394 -0.04606149184775634 120.10583939442884 -0.020375203985499614 0.7545258385737902 -0.6559539694117781 1226.2034827635864 0.04332853904586316 0.6561401593580903 0.753394139200518 475.3322968084839
0.998806613878349 -0.01371884842217627 -0.046873673536740934 121.49482830288477 -0.02080562837851862 0.7487835192927692 -0.6624880127695216 1238.2303146323143 0.044186806861716846 0.6626726450016661 0.747604502170673 486.25960766984406
0.9987721964555385 -0.014497616879125166 -0.04737001891701845 122.7522297654105 -0.020961783737089852 0.7427170529050245 -0.6692772093435084 1250.1743567910548 0.04488544541309723 0.6694484285058119 0.7415012463652139 497.29511933822
0.9987773130903048 -0.015140094375034949 -0.04706013597961529 123.73308275909544 -0.020668388112311174 0.736870053495584 -0.6757183895634731 1262.0892948165297 0.044907645105747754 0.6758648546889611 0.73565617078043 508.39195232162587
0.9987337984028363 -0.015969081934979132 -0.047705223508444125 125.06130460501056 -0.0208850653469805 0.7310849319243814 -0.681966741387419 1273.8370735660762 0.04576695285125624 0.6820995607206305 0.7298257156961747 519.6319251666602
0.9986899763272454 -0.016564944986684826 -0.048414189873093205 126.38386248771111 -0.021349115800548237 0.7249772348825798 -0.6884418814660707 1285.5200325762014 0.04650318739629214 0.6885736064500274 0.7236738506139266 530.9418698479368
0.9986456417551277 -0.01729300122363205 -0.049069688323461605 127.69750021856042 -0.02167389797641548 0.719134068025524 -0.6945332492772173 1297.0901402233217 0.047298248910399784 0.6946561338631807 0.7177852961270993 542.3701963989779
0.998614849124585 -0.017867354262329802 -0.04948879428254251 128.86722190700664 -0.022057027996757912 0.7117771649429332 -0.702058939820405 1308.611311621465 0.04776892948167927 0.7021780579863386 0.7103971454466209 553.8653415293585
0.9985697076296186 -0.01858455825999232 -0.05013135943470527 130.1498515877622 -0.022440672093313876 0.7053656327619835 -0.7084883487780781 1320.011636243798 0.04852788106327151 0.7085999846969859 0.7039397037012044 565.470336461432
0.9985568919226215 -0.019392939531446097 -0.05008041024348037 131.17543594528698 -0.022315237626343708 0.6983771967921696 -0.7153819407633879 1331.2312967799164 0.04884837523915591 0.7154671235612731 0.6969366049645058 577.2771325859375
0.9985059870570587 -0.020186007421357913 -0.05077714954174981 132.47801144876706 -0.022679813820501576 0.6923360425877723 -0.721218711750444 1342.3694045182726 0.04971337703543839 0.7212928179583434 0.6908438686891875 589.135615286177
0.99860521377398 -0.02091887122465948 -0.0484770858251725 132.76319890678744 -0.020873861267068045 0.6869353821926426 -0.726418655189727 1353.518476763528 0.048496483782003844 0.7264173604192943 0.6855405965675889 601.0536507009109
0.9984881667023127 -0.021749476610655374 -0.05048109767634842 134.51538609081646 -0.022173737044519675 0.6809696123474795 -0.7319758960818344 1364.5152997 0.05029618614693295 0.7319886251346307 0.6794578326376001 612.9896288679839
0.9984454760092217 -0.02265627665680507 -0.050924695038470406 135.70033490369087 -0.022362492765174023 0.6740631678371394 -0.7383351303322148 1375.306082317837 0.051054386237016185 0.7383261737832487 0.6725086696486141 625.1825787718359
0.9983614966748506 -0.023660627311316202 -0.052100831782032925 137.09922036677776 -0.02308203323352077 0.6666250777680246 -0.7450357209104693 1385.9959788526717 0.052359733564557025 0.7450175705350925 0.6649866749755491 637.443405904822
0.9982899994124872 -0.0246176624695482 -0.05301931504220355 138.4715160013761 -0.023575615972410428 0.660407204444397 -0.7505374838403869 1396.5912888705489 0.05349081607650548 0.7505040273126277 0.65869753118028 649.790896458998
0.9982549037577279 -0.026019147356898902 -0.05301085826943475 139.51076393005957 -0.02305354703575158 0.6547503444974865 -0.7554935607597821 1407.111263479271 0.054366175998618135 0.7553972401003624 0.653007908494256 662.236790316486
0.9981630048094192 -0.027500360924494805 -0.05398468281694324 140.82629071858216 -0.023346196615166754 0.6476465690612316 -0.7615831383945042 1417.5257535771657 0.055906805788111746 0.7614444508513013 0.6458148165955395 674.7469451221623
0.9980202408551287 -0.02843693278728117 -0.056097590831643035 142.52077182312473 -0.024905924150807623 0.6403334545015493 -0.7676931431166409 1427.7424968655482 0.057752002438506644 0.7675704579384003 0.6383575003981521 687.3758485463084
0.9979317923256036 -0.029751549587168215 -0.056982305700649244 143.8727806495732 -0.025136304897304316 0.6352565785018185 -0.7718919909198914 1438.0536178434413 0.059163367398331904 0.7717278825903121 0.6331948919493611 699.9711435597413
0.9979096612888646 -0.031030417757817154 -0.05668704508184003 144.78644308657613 -0.02452915628824116 0.6296607729863323 -0.7764828597297193 1448.1353632643243 0.05978819614374206 0.7762502329378279 0.6275834187308055 712.7913873421229
0.9978016151555232 -0.03217826448791126 -0.057935274984820304 146.2340211243878 -0.025209326125034053 0.6241952904642747 -0.7808615301310101 1458.2054375832756 0.061289694642270125 0.7806054052187751 0.6220118766341116 725.5733917169329
0.9977162707503451 -0.03320081841356405 -0.05882132892654665 147.51714923463751 -0.02580238786244834 0.6174657018029929 -0.7861744996357577 1468.1488185367523 0.06242178995039891 0.7858968206791581 0.61519891692507 738.4734273848271
0.997639886022884 -0.03466465579438766 -0.05927073017009006 148.65337234030153 -0.025742892540769592 0.6114159463401186 -0.790890538598517 1477.9099735704665 0.06365501786877353 0.7905497468215872 0.6090805665102526 751.5273076469657
0.9975822915576174 -0.03563091749351186 -0.05966581340445497 149.74250115069955 -0.026047206921442755 0.6042720756284128 -0.796352184418001 1487.6165880496499 0.06442914388874599 0.7959809648065098 0.601883036048916 764.6275855282943
0.9974103371255093 -0.03697763954604705 -0.061686899490672846 151.33974044144406 -0.027495007062535916 0.596508281852001 -0.8021358328042735 1497.1438520401678 0.06645783612036574 0.8017546531549276 0.5939468260396885 777.8089704470505
0.9973078364042274 -0.03815082471775508 -0.06262263185195917 152.57781091618295 -0.028181332985290887 0.5890040218082067 -0.8076385792945571 1506.5769346685715 0.06769705989098462 0.8072290733534778 0.5863431855278969 791.0980683965671
0.9972150525199138 -0.03940830694034129 -0.06331764660655623 153.71582608583938 -0.02869614955085573 0.5808813438049293 -0.8134822649697637 1515.8823934264383 0.06883799843583781 0.8130337322420742 0.5781327531007641 804.4874896466836
0.9972552494917647 -0.040869054828370464 -0.06173886716279212 154.11088036979703 -0.02712044146383548 0.5742687281849331 -0.8182175196631204 1525.109631225483 0.06889447739780383 0.817646102043113 0.5715841169922281 817.974986813726
0.99714347573501 -0.04207124487021703 -0.0627287745310292 155.35321774378818 -0.027881716216943454 0.5668209284001919 -0.8233690818996942 1534.1819899271309 0.07019614448025537 0.822766094028319 0.564028772153947 831.5177670106775
0.9969630791108737 -0.04333344087629295 -0.06470573229302824 156.9206575684551 -0.029446463940338168 0.5594324432860535 -0.8283527311238913 1543.1195819091256 0.07209386001017823 0.8277424444238795 0.5564574746088079 845.1180618088126
0.9969712800657747 -0.044751934170086625 -0.06360448971603191 157.41444549882618 -0.028400420002664607 0.5518617190301603 -0.8334518937603724 1551.9045600440782 0.07239946731622694 0.8327339956175165 0.5489193107144353 858.8996877907838
0.9968384959561605 -0.04593010113706132 -0.06483393239183262 158.7684064917943 -0.029329394034432243 0.5456497132945316 -0.8374999564341307 1560.6164836214612 0.07384307432266714 0.8367537368850742 0.5425775374851404 872.6717434367112
0.9967249044446965 -0.04705172041520751 -0.06576929728732954 159.96760686343077 -0.03021625966956918 0.5376982838227323 -0.8425957116112519 1569.1809530246946 0.07500961612541218 0.8418234323063589 0.5345155435613238 886.5519294838041
0.9966525671643335 -0.04827907651103321 -0.06597568594547007 160.93582103626582 -0.03034970152010495 0.5308412513616043 -0.8469276601165469 1577.6865637884277 0.07591150098881325 0.8460949690336713 0.5275990403644932 900.4879360606327
0.9965339522425547 -0.049368419169045684 -0.06695402315449692 162.1520067364116 -0.031203696732430272 0.5242548095551989 -0.8509895557340731 1585.9855292372065 0.07711297775377723 0.850129198326344 0.5208972401682991 914.5303912736026
0.9964434602317027 -0.05059843766821301 -0.06738121894858098 163.1803134860226 -0.03156578394464942 0.5172758735064303 -0.8552363836812146 1594.2690862892832 0.0781283037408393 0.8543216424706193 0.5138389819397513 928.5986184422986
0.9962695423512612 -0.052464367629717436 -0.0685163419368817 164.37563376787705 -0.03242869907016234 0.5081675942143679 -0.8606474746764793 1602.3626875774921 0.07997111015745106 0.8596587615557678 0.5045705453359182 942.7655440776731
0.9961343317128741 -0.05386102022706457 -0.06939296565960522 165.53977653918383 -0.03311537704376456 0.5014276764467615 -0.8645655886608341 1610.3660053636543 0.08136193819093306 0.8635214391046137 0.4977056953868519 956.9879154727597
0.9960129153326609 -0.055301080606953254 -0.07000044981445841 166.58673293569035 -0.033631240881398315 0.49401358786047056 -0.8688034959908978 1618.2626431039168 0.08262694552808501 0.8676937048826214 0.49018406989595975 971.2805089391004
0.9958912980583167 -0.05667120033991151 -0.07063212798538598 167.63167217558293 -0.03424447798582917 0.4863769188536121 -0.8730777792006553 1626.0433998867495 0.08383220251901351 0.8719093231859044 0.4824378653902566 985.638302246766
0.9957558022677383 -0.05819695428106251 -0.07129864488564784 168.68039633259227 -0.03481807612037239 0.47890855318458325 -0.8771740416028784 1633.6552167381 0.08519438846190663 0.8759336231696203 0.47484966460506356 1000.0877196568943
0.9956274957627366 -0.059563258630903664 -0.0719590710228965 169.72851550675827 -0.035475409701242244 0.47152575563314486 -0.8811384437652939 1641.1778442963491 0.08641403235435748 0.8798384397125764 0.4673509762655868 1014.585431313446
0.9953903392482668 -0.061353196209472355 -0.0737147057654762 171.08489454551636 -0.03702906555650862 0.46315710011192096 -0.8855023144633394 1648.4904140731535 0.08846988660115562 0.8841500358710612 0.4587502514811055 1029.1664288979855
0.9953633296295847 -0.06294064328153841 -0.07273456848020181 171.52025386477442 -0.036202391837032076 0.4554336902856875 -0.8895333274127739 1655.794403740725 0.08911357278200575 0.888042019938284 0.45104339255769654 1043.8097796501556
0.9952590212552239 -0.06437797083905576 -0.07290375491514617 172.36535446922582 -0.03650450813630526 0.44751718413295494 -0.8935299607687696 1662.8795922643312 0.09014932887054185 0.8919550699314164 0.4430454285147656 1058.5440232243216
0.9950673208502476 -0.06583963780397198 -0.07420356507432595 173.58988854622888 -0.03780147404258135 0.4399131248546135 -0.8972443876340818 1669.8339732818783 0.091717367690676 0.8956235730899963 0.4352543391965212 1073.3154632852911
0.9948933163860189 -0.06732213043403006 -0.07519986545360334 174.663006058955 -0.03900273863982181 0.4307474803155404 -0.9016292999788817 1676.7145607820266 0.0930917579005308 0.899957965104836 0.4259220417580552 1088.134723126296
0.9948505925588826 -0.06891885851497524 -0.07431345387089419 175.10614261882162 -0.03845048556813241 0.42176238465761234 -0.9058907500617833 1683.3903989135308 0.09377557595026638 0.9040833378781613 0.41694059472097095 1103.0808723390535
0.994781392147589 -0.07039217811312495 -0.07385745119744837 175.70182298363625 -0.038181903187625266 0.4144474702380225 -0.9092719266986502 1689.9724827548325 0.09461566522444818 0.9073468111333142 0.40959692408554516 1118.064792144407
0.9946017573533568 -0.07203953606152093 -0.07468366296348944 176.72960958555055 -0.039088930107528994 0.4065980009332755 -0.9127705742299729 1696.3668500454605 0.09612179676146637 0.9107625216713221 0.4015871378745101 1133.1079969539633
0.9945005866104109 -0.0741460982931968 -0.07396579844382822 177.230929432997 -0.038326027047868166 0.3996033366551332 -0.9158866136071713 1702.7066636099814 0.09746639873445709 0.9136845896927345 0.3945640273463285 1148.2024836380533
0.9941994122458754 -0.07638322074619325 -0.07571745028976509 178.52830832496971 -0.039916280615143206 0.3916765730604859 -0.9192367228616621 1708.8236281453426 0.09987101297072426 0.9169269685771234 0.38635568465362014 1163.3429381661424
0.9940298119876991 -0.07806664905142723 -0.07622552843745575 179.29872969123346 -0.040592181102054356 0.3838731682830979 -0.9224931791106511 1713.852144805311 0.10127688637130781 0.9200798818462333 0.3784124777392439 1178.915350798239
0.9938693695376358 -0.08002418350067805 -0.07628765529167097 180.0116852546195 -0.04093271106520348 0.3746459659625124 -0.926263954471332 1719.8557163130376 0.10270437897044254 0.923708033007761 0.3690735432095182 1194.1427653857825
0.9937893129300044 -0.08168825158538646 -0.07556342408216696 180.46264977619091 -0.040615155016803677 0.365933900652245 -0.9297541554284093 1725.6133573063273 0.10360120988222411 0.9270487634997183 0.36034341870579856 1209.476300312901
0.9936070566697353 -0.0839878149523 -0.07543914021005582 181.10504655522269 -0.040763357798417575 0.3562420251696399 -0.9335041339833652 1731.3123721093311 0.10527756454769123 0.9306114476206343 0.35054096473926344 1224.82639670177
0.9935166077257297 -0.08602652908398128 -0.07432487111936201 181.40579690101833 -0.039858929226640354 0.34868982490715106 -0.9363902347670687 1736.6708753458634 0.10647072806200483 0.9332817593310091 0.3430002066558592 1240.3105407093663
0.9933200720339953 -0.08801618385226839 -0.07462161801013478 182.18295560073938 -0.04045134375732817 0.3400389814823981 -0.9395409410242005 1742.0392377348248 0.10806906718665675 0.9362834199389078 0.33420717267124544 1255.7761552242496
0.9930936022855698 -0.09004924122571267 -0.07520792015560618 183.06743015184222 -0.041183785748616496 0.3326753648920899 -0.9421417076986497 1747.2464305860847 0.10985896818590316 0.9387322492322231 0.32666920785488557 1271.2925078518724
0.9928968868712964 -0.09233030433735741 -0.07503923601854874 183.6702387509213 -0.041363422478541204 0.32348218929389194 -0.9453297522507654 1752.393230878349 0.11155644007469417 0.9417188476985061 0.31736536132233706 1286.843946139943
0.9925573602864065 -0.09477359597757351 -0.07647124980506609 184.77441227264234 -0.0430386415595765 0.3144304087895956 -0.9483043780143137 1757.205177386838 0.11391910232255256 0.9445377088999083 0.3080112897153862 1302.4763454700983
0.99233740028032 -0.09670415991646227 -0.07690766840657569 185.5850584893208 -0.04381536185274016 0.30657496999537975 -0.9508375265196708 1762.0106840668288 0.11552791035329392 0.9469213764759902 0.2999886809568275 1318.13014844278
0.9921671655568096 -0.09845877785646719 -0.07687772534333953 186.26290647244986 -0.04413269540667997 0.2994578097076622 -0.9530883093403418 1766.7568589846512 0.11686154537356194 0.9490157476396803 0.29276695500824845 1333.8098043264336
0.9918305288651397 -0.10078825226783417 -0.07819162497276332 187.30234253679225 -0.04586879439724245 0.29018315791675486 -0.9558712196535699 1771.2366943868822 0.11903048227924713 0.9516488128854342 0.2831894793634008 1349.5493544687004
0.9916209325737692 -0.10296885792559761 -0.07800859169998423 187.86373222468274 -0.0461930310991327 0.28130555582243677 -0.9585058101760807 1775.5920923112742 0.12064049883597118 0.9540778786665843 0.27419203394642755 1365.349465824346
0.9911651649522918 -0.1055570685359825 -0.08030766505866274 189.16093795142592 -0.04906299818122658 0.2707388074262472 -0.9614017476387707 1779.6778911450374 0.12322515163128897 0.9568480566085217 0.26316792846002607 1381.179720573955
0.9909329915548252 -0.10800285000969209 -0.07991990138868474 189.62359857016597 -0.04921732152554579 0.2616912377513356 -0.9638959235031682 1783.7306062754233 0.12501784476643693 0.959089714507438 0.2540028700940133 1397.0661951335255
0.99061543273429 -0.11051059631564808 -0.08042681474858915 190.3769143149319 -0.050219128315117746 0.2529871475829265 -0.966165380413273 1787.6533309896988 0.1271184627814328 0.9611373009408257 0.24506322686251816 1412.9755796774614
0.9904116403888886 -0.11288696092282799 -0.07963238434071516 190.71117956827968 -0.04990409898035667 0.2451517139955746 -0.9681994722318283 1791.5067973703372 0.12881911149801875 0.9628900099069679 0.23716758913101962 1428.9175957399675
0.9900059733078632 -0.11573018432210642 -0.080589684522961 191.64791782183298 -0.051145592802990233 0.23790499136131998 -0.9699408968706295 1795.1976509180406 0.1314241269766347 0.9643690888462482 0.22960827364510825 1444.875476381206
0.9897052247450059 -0.11840169280575215 -0.0804027813770051 192.1405237976941 -0.05153216482040145 0.2292970580396819 -0.9719914069390065 1798.6833456641796 0.13352154920217907 0.9661283032367287 0.2208350008118507 1460.900647610551
0.9894031764761394 -0.1207592430583859 -0.08061364397469967 192.78946372173496 -0.052096526764223064 0.22298266119721424 -0.9734293424304165 1801.9769055229276 0.13552603542500177 0.9673137743366296 0.21432861614960655 1476.9622554453247
0.9890637725978398 -0.12329162398175324 -0.08094460569092668 193.41581978739737 -0.05335573261071322 0.21254418052338517 -0.9756936697156628 1805.3137933009111 0.137499161932326 0.9693421206063347 0.20364143410986307 1493.0172180832772
0.9886744390432829 -0.12622037874718475 -0.08118663419157221 194.03778979099692 -0.05421788495791059 0.20403194204155894 -0.9774617064506625 1808.3786922520758 0.13994025344099656 0.970793171904123 0.19487776387058958 1509.1278867120259
0.9882085807371205 -0.1292576284125859 -0.08207476137442725 194.88336765311303 -0.055725774213108335 0.19565392338043924 -0.9790884435811665 1811.3229705350836 0.14261289929689144 0.9721172808684124 0.18614390452319007 1525.2522610332771
0.9876319471865169 -0.13211289501292842 -0.08443529989205201 196.22983144209132 -0.058493768427873766 0.18917956637096325 -0.9801987404209417 1814.0198555736008 0.1454703267050171 0.9730145295107355 0.17911200241563163 1541.3872602637725
0.9871391793931467 -0.13507707571533303 -0.0855010182583082 197.11128246360911 -0.0603397047458815 0.1804546804519124 -0.9817307310735354 1816.5906348127792 0.14803837522140534 0.9742639744541484 0.1699833743123515 1557.576256751258
0.9866803696882884 -0.13822867652226883 -0.0857594371406014 197.70360051188163 -0.06138323556772933 0.17184482691892158 -0.9832097710318193 1819.0860689088934 0.15064510102558212 0.9753779720949766 0.16107099394019803 1573.7915717488975
0.986200105966481 -0.14149676737387784 -0.08595356778187191 198.26541860417393 -0.062320497480038164 0.1637077011515118 -0.9845384422040248 1821.399016915499 0.1533802679145239 0.9763085851340401 0.152630403288591 1590.03638868315
0.985782520541589 -0.14463806291437667 -0.08551405119064955 198.63008399663414 -0.06256416637224867 0.156374874858063 -0.9857142707698164 1823.6659176870935 0.15594405176474757 0.9770500136991468 0.14510245845502043 1606.2946902804508
0.9852314365839998 -0.1480688783833336 -0.08599199742370453 199.2750620734744 -0.06382367155502487 0.14844997806791815 -0.9868582182668751 1825.7649136898983 0.15888849963371673 0.9777720650877371 0.13680728569125766 1622.5681987870778
0.9847481196303751 -0.15126798342411657 -0.08596009583074389 199.76143325504322 -0.06454969827463192 0.1411605492375295 -0.9878800715631498 1827.74952205528 0.16156880063020826 0.978361741141671 0.12924328273900756 1638.8629234793
0.9841391290587553 -0.1549373319410651 -0.08639790406281792 200.38242692870026 -0.06599636772895234 0.13230355628448578 -0.9890097312165659 1829.6222910893039 0.1646652789814814 0.9790251233576508 0.11997980551946268 1655.1676643996605
0.9835609034160767 -0.15892701703647205 -0.08573303054966283 200.63512872991285 -0.06640363912208164 0.12318461347839223 -0.9901596374895941 1831.4367717407192 0.16792410780672726 0.9795752927968678 0.11060623743372688 1671.4902005892664
0.9828305566249984 -0.16286657017425452 -0.08670973004144221 201.40452553637448 -0.06852481008118035 0.11414013561275181 -0.9910985722145107 1832.9784713512456 0.17131388550705354 0.9800237291831144 0.10102001222776767 1687.825933387696
