0.999993740859003 0.0004840493955143299 -0.0035048450749553184 0.0 -0.0005107320876380217 0.9999708659080091 -0.007616199046844888 0.0 0.0035010563479302556 0.007617941412823421 0.999964854168925 0.0
0.9999937407580926 0.0015074662912202875 -0.003200935803374174 1.4140785051863536 -0.0015482550153810841 0.9999171499208606 -0.012778740178525375 16.15208841302704 0.003181407085524705 0.01278361605821065 0.9999132251397781 -0.4149097494835712
-0.9948692785577155 0.0021052411146594914 -0.1011468563124901 0.598608948198152 0.006204166250188511 -0.9966321534240649 -0.08176710269081908 15.682547657741281 -0.10097834868520138 -0.08197511037601629 0.9915056501985504 15.777679050344096
-0.9944588404615468 0.007488023350337962 -0.10485964015855216 3.2265144419640284 0.005045799692398765 -0.992910571181052 -0.11875663157222305 17.024712184900007 -0.10500549763388657 -0.11862768287048898 0.9873709122328037 -0.1723136002085105
-0.9953138252179341 0.0060432709693409616 -0.09650838412301466 -0.6696359293933063 0.0043406030890315705 -0.9942469041131707 -0.1070245431020312 1.4081253806693788 -0.09659994044960635 -0.10694191197732598 0.9895614579033315 -2.1912977209179165
-0.9958312144841891 0.005156818291876691 -0.09106920162190021 -3.9737274638023035 0.003994238827168704 -0.9949776687986077 -0.10001742172381449 -14.332321532899929 -0.09112759359895926 -0.09996422268588079 0.9908092227405189 -4.30797846290078
-0.9962983676762276 0.004584297983063596 -0.08584023985106094 -7.144428178246882 0.0032537488335247894 -0.9958503472575604 -0.09094778164157817 -30.152046874252754 -0.0859009643962938 -0.090890428973563 0.9921491592682973 -6.001316003536797
-0.9959177618704806 0.011030983108536327 -0.08958866559198321 -10.124819463755383 0.0005578536448425806 -0.9917335898782405 -0.12831280336166065 -31.598514158761457 -0.09026350530642899 -0.12783897730690907 0.9876789435291817 9.880599135325898
-0.9965718214237343 0.009327603402220752 -0.08220462614081958 -13.830528291882002 0.0005071578708926328 -0.9929165585554856 -0.11881266993559532 -47.257703537855186 -0.08273057194939999 -0.11844704960910413 0.9895079327139447 7.808414578809974
-0.9962027772692742 0.0151908511687087 -0.08572785196046598 -16.477637176742988 -0.0016362169561788846 -0.9877533682178938 -0.15601476330231584 -49.00590640764018 -0.0870479715734809 -0.15528207113178086 0.9840275042040075 23.720662909177328
-0.9957739595429308 0.021879037505745172 -0.08919377340384514 -19.369017070013268 -0.0042452596681808825 -0.9811353275277165 -0.19327557229880266 -51.00685224371885 -0.09173984557728299 -0.19208013118202014 0.977081892135227 39.561312026906194
-0.99623056217767 0.022426104898987262 -0.0837958042041729 -22.357553931235422 -0.006601636267684437 -0.9828028110069266 -0.1845401123752558 -66.69126696985806 -0.08649326784064382 -0.18329131047581712 0.9792462459066694 36.66560183990756
-0.9958246066383378 0.02806182590888992 -0.08686706361020702 -25.07701272646995 -0.008172312912556011 -0.975163691437875 -0.22133456169996657 -69.32426192644404 -0.0909206583525413 -0.21970049801472036 0.9713213294563365 52.445871541116766
-0.9955182603932389 0.030101379872801363 -0.08965099081088575 -26.253106965790852 -0.0060121413873635435 -0.9662175085934114 -0.257657874406119 -73.45071447015171 -0.09437821453894019 -0.2559641244731267 0.9620681470681524 68.09714029238863
-0.9962547608629203 0.029423336634609526 -0.08130632644051915 -30.221779241430404 -0.008201805184161151 -0.9682391714380826 -0.2498912509165065 -88.61434827226358 -0.0860766045432008 -0.24828848977385512 0.9648542086741043 63.88820298290307
-0.9959111828936746 0.03340331041161761 -0.08393530032630424 -27.917146587050485 -0.008017029591450313 -0.9581414697314576 -0.28618289819164994 -85.65745879447908 -0.08998134819978679 -0.2843398368755027 0.9544915998277627 48.096580261623615
-0.9962830301462252 0.03130131664417215 -0.08025180009816879 -30.05976705780832 -0.00794440584981517 -0.9610601036694526 -0.276225204408568 -100.98454309870195 -0.0857730159102982 -0.27456093078077054 0.9577365425995028 43.202872200828644
-0.9967833176712206 0.029458754966172406 -0.07453320983425085 -32.784611041211775 -0.00870789598941849 -0.96429813486533 -0.2646758010145307 -116.19454814216282 -0.07966925479625471 -0.2631753956035585 0.9614528178694579 38.23106888204847
-0.9963486537443909 0.026990622688250213 -0.08099917572814756 -31.049260295230734 -0.004633515811613954 -0.9644111844746022 -0.2643664082131442 -131.5105736213072 -0.08525192498097602 -0.26302580395694325 0.9610148467842955 33.139389654949674
-0.9960708872393766 0.030366166761212423 -0.08319064557022075 -29.190518905716548 -0.003958639591430679 -0.9537036934607452 -0.30072178878810596 -127.57651172597515 -0.08847099392877088 -0.2992108971871911 0.9500766928188972 17.499211541529093
-0.9960446951953437 0.02851138408243737 -0.0841550126309642 -29.627112736670167 -0.00214184363869034 -0.9545488392780783 -0.2980468519187891 -143.25008509407326 -0.08882779789593462 -0.29668773889491545 0.9508343745944311 13.28905379604192
-0.9958467829744653 0.02788393318400662 -0.0866698973669487 -30.322523734252147 0.0026753119361241488 -0.9425729701416019 -0.3339895786764651 -138.1591659484679 -0.09100564567899946 -0.3328343164828842 0.938583661814929 -2.112443945311985
-0.995582811839418 0.028464938107801874 -0.08946849763149013 -30.36201358390068 0.006617779529294888 -0.9292869896855818 -0.36929919549764795 -144.17169939243357 -0.0936539895787584 -0.3682600142557266 0.924993779512249 12.970181910038301
-0.9950568436380479 0.02582928592071253 -0.09588913347147594 -28.828677262420538 0.010519569320388937 -0.9327345366398339 -0.3604103533759634 -159.44969824089853 -0.098748248543443 -0.3596375010313856 0.927852171017293 7.688116462359309
-0.9950204135331618 0.02399679373446803 -0.09673949835904605 -29.36665727664666 0.012015961706271233 -0.9346255685617395 -0.355430250900113 -174.74786516322303 -0.09894439507403881 -0.3548227733405928 0.9296831751743838 2.2681154373358865
-0.9954722973832834 0.0243534454577621 -0.09187934934892765 -32.298321285378705 0.009475494725339336 -0.9363804190289423 -0.3508588403601812 -189.6045474895492 -0.09457864527553866 -0.35014085816070845 0.9319100060114858 -3.598361005490289
-0.9950410571274058 0.023335161732384167 -0.09668901104932881 -31.388847134260953 0.01109030080325896 -0.9400001026299366 -0.34099385959838147 -204.76483837099798 -0.09884482717303232 -0.34037520074563504 0.935079901857859 -9.351741508266109
-0.9954094487906373 0.02318856034177279 -0.09285644795917113 -33.89503626313071 0.009208809669744335 -0.9424988026261547 -0.33408263180346626 -219.86342939196638 -0.09526398628434755 -0.33340410572987844 0.9379586745692353 -14.78741569853008
-0.9959362161423032 0.02167325186221741 -0.0874146642724665 -36.95718308728716 0.008230821562523583 -0.9446461644066173 -0.32798761813256216 -234.9613062192963 -0.08968448557335186 -0.327374241848045 0.94062893790371 -19.9356868262943
-0.9956715357314079 0.02484424593056451 -0.08955979219717387 -37.899913132367466 0.009461872141517507 -0.9315088168878242 -0.3635956504632901 -241.07443564524874 -0.09245899582970073 -0.3628692429848345 0.9272417411796007 -4.915671346075791
-0.9954146609517586 0.026400693101497008 -0.09193832805775416 -37.77173524425182 0.012436028925840649 -0.9172804040751918 -0.3980477427196488 -235.15764518890074 -0.09484196300609767 -0.39736590656901155 0.9127460426371283 -20.044055855581547
-0.9961727706102791 0.02527229837881894 -0.08367270779227123 -41.141184112062994 0.008886766772657009 -0.9230423769905307 -0.3845956261529749 -249.68517172247084 -0.0869530705091371 -0.38386727030879064 0.9192850930558549 -26.48795301854684
-0.9963380135540437 0.02345425368152205 -0.08222202096411435 -42.450760658647525 0.009025561559629145 -0.9274173664115918 -0.37391919944918633 -264.707223840078 -0.08502412590384825 -0.37329201232068865 0.9238094887756124 -32.53628811706945
-0.9961189456023264 0.0248694275125556 -0.08443078696367687 -42.4620679265963 0.011916585143807813 -0.9123138641798816 -0.4093182236642812 -258.97430273946776 -0.08720688740356493 -0.40873576403389167 0.9084767657948185 -47.73913651780877
-0.9959351933824949 0.02569591114692599 -0.08632966310892301 -42.96769822051068 0.01529425474789222 -0.8962831567327102 -0.44321844357940926 -252.5231591809285 -0.08876472471582994 -0.4427371941768343 0.8922469392150066 -62.643971307753894
-0.9956696814732882 0.02896483299853181 -0.08833416012079726 -41.86283516448887 0.01675928044981424 -0.8787227740924604 -0.4770381670370358 -245.22058600388792 -0.09143856907062571 -0.4764528567871292 0.874432194824562 -77.11853005980883
-0.9957280465302296 0.028297073695442758 -0.0878915978542078 -42.83547686734513 0.016652430509115693 -0.881240237885617 -0.4723752107058962 -259.4696697927452 -0.09082044875043195 -0.47182085451108957 0.8770044055403576 -84.87179889461305
-0.9963379288370694 0.029095977291217507 -0.08039997304804515 -46.18851574668829 0.011392557937877086 -0.8867600810610528 -0.4620895673570519 -273.5882811990064 -0.08474043417571782 -0.4613133238288955 0.8831812249327132 -92.18973515858707
-0.9966929933922322 0.026375106099119836 -0.07685981200270088 -48.16043235068558 0.011360667523665477 -0.89134026896667 -0.4531925199645759 -287.991012869498 -0.08046124630060537 -0.4525669880765549 0.888092961996135 -99.45871012505809
-0.9965867056597089 0.02517096869705644 -0.07862162830404187 -48.466133964700056 0.012184471555623435 -0.8971012547846253 -0.44165696792506515 -302.40715800498975 -0.08164849511924217 -0.44110742568982253 0.8937324891968851 -106.96081791662012
-0.9961817629141668 0.02563588188668172 -0.08345475898421596 -47.43359362919813 0.013300167803062425 -0.9001941679997032 -0.4352856136328573 -316.8156502583824 -0.08628441790747289 -0.43473355225840765 0.8964160517121247 -114.4150079621637
-0.9960093573970261 0.023967488767246605 -0.0859704569009254 -47.39643429795182 0.015444685097901997 -0.9024465185983225 -0.43052496184541283 -331.76130417340465 -0.08790234171959338 -0.43013467722558557 0.8984750067577021 -120.81012334267426
-0.995622495848371 0.022830602688147707 -0.09063448207804098 -46.66023725890073 0.017460324874404853 -0.907205596135885 -0.4203250449295323 -346.4745685494105 -0.09182038344473717 -0.42006757780222503 0.902835670132407 -127.68655266137193
-0.995827676152273 0.022310469508954198 -0.08848436223114495 -48.44223372783641 0.01697162869833735 -0.9074537549116011 -0.41980905959276504 -361.10645111493534 -0.08966160398123417 -0.4195592039833301 0.9032889189646832 -134.54775523333439
-0.9956136362060808 0.02120526127200872 -0.09112532191926788 -48.18886063711492 0.01888122553074548 -0.9083980040534334 -0.4176799798340776 -376.00184672969044 -0.09163507365065482 -0.4175684412478076 0.9040130586174707 -141.0625877272697
-0.9960715207192851 0.019943047192234015 -0.08627746218253131 -50.992834033946814 0.017314224865146395 -0.911642742384299 -0.410618713498732 -390.6912206717766 -0.08684321061135647 -0.41049943377150055 0.9077160743558461 -147.44825217748323
-0.9957226688143652 0.020698289178961403 -0.090044142698239 -50.78318746779867 0.017344511431330548 -0.9153807708423369 -0.402215380480779 -405.88679828805573 -0.09074984701036494 -0.40205674375286027 0.9111063824112096 -153.23651921400085
-0.9954059491818231 0.019691607055638456 -0.09369758238609106 -50.155654061046036 0.019564430941063245 -0.9161395177909604 -0.4003818389783661 -420.9548098003892 -0.09372421979074383 -0.4003756043433626 0.9115454712033314 -159.3235443971346
-0.9951687244756892 0.018883188364690152 -0.09634643232944055 -50.054606870592735 0.020020985070368848 -0.9216774709621096 -0.3874400594643005 -435.9659138001812 -0.09611643970850767 -0.3874971802711252 0.9168465331230127 -165.58330414050937
-0.9946684678504192 0.017191799623286107 -0.10168127207018218 -48.80459710670792 0.023137893179608113 -0.9236622229988473 -0.38250847795053616 -451.0744943355101 -0.10049515890482456 -0.38282181211438326 0.9183399061383283 -171.47684820874852
-0.9948573304584423 0.014505051426146363 -0.10024218431491215 -50.51217490932344 0.02486779349273539 -0.9244197660359988 -0.38056496030080195 -466.1483119168696 -0.09818597089147682 -0.38110064240968383 0.9193050720381261 -177.3477588552942
-0.9944568266481649 0.014290947082248227 -0.10416999934891195 -49.89836207799863 0.025897006428406054 -0.9269108653280886 -0.37438695596238414 -481.2137376572094 -0.10190664841366517 -0.37500935530760576 0.9214027449714202 -183.45494011307466
-0.9942003298667924 0.014914355178597486 -0.10650477032680963 -49.838476349521756 0.02586896775281501 -0.9280937819597294 -0.3714468042601638 -496.1756612164243 -0.10438630465804885 -0.37204770379252744 0.9223253251985145 -189.84375871779696
-0.9947772292137051 0.013309009917644922 -0.1011984905663855 -52.56523271931049 0.024137381682096306 -0.9326676807628831 -0.35992830406334503 -510.9481779079265 -0.09917485086167263 -0.36049114762417694 0.927475326594282 -196.0932228177227
-0.9944107692558019 0.01727296534589098 -0.10415789291380281 -55.03415752790912 0.025456645672786306 -0.9181962774463267 -0.39530691275867746 -517.1311297361269 -0.10246551214517581 -0.395748961782425 0.9126245548246885 -181.2462530590703
-0.9940184007556776 0.02066976028401248 -0.10723889205379626 -55.99599073438603 0.02763465558961336 -0.902368632751123 -0.43007810504292165 -523.9270553900183 -0.1056586237349658 -0.43046906002251756 0.8963998235127918 -166.49206107798855
-0.9937385802935604 0.02286006080564058 -0.10936659296192998 -56.401153413688775 0.02633305497232488 -0.9033519137544399 -0.42809098347432345 -538.9329217740162 -0.10858270696552869 -0.4282904826588529 0.8970936730419442 -172.77654930524722
-0.9945027611000856 0.02184975896309182 -0.1024053035616801 -59.582390556775714 0.02292993162022566 -0.9088051292790161 -0.4165902726085191 -553.3180147230298 -0.1021688621850912 -0.4166483229648296 0.9033081968909618 -179.69197376401402
-0.9946186461200838 0.022639331748386053 -0.10109999727120268 -61.3079842092844 0.021203188884476316 -0.910697700190585 -0.4125289367410558 -568.1053949515027 -0.10141091445884531 -0.41245261488511015 0.9053168875609563 -186.2699171958521
-0.9938325508495199 0.024417845744103075 -0.10816944892691567 -59.65888461587537 0.022289197654010568 -0.9115609700101346 -0.4105603361530685 -583.347037869145 -0.10862804674611069 -0.4104392363839 0.9053947098899613 -191.74037885057982
-0.9934547799476356 0.02894087393232517 -0.11049898648959151 -62.15908967132892 0.023405956143176098 -0.8952672534178847 -0.44491426834236075 -590.8624379632423 -0.11180233189078258 -0.4445885409832663 0.8887301434125857 -177.51854867338452
-0.9931417437574319 0.033166775271983744 -0.11211352204129545 -63.97143670444099 0.024705022206136434 -0.8777354565181246 -0.4785082342538223 -598.3803031512593 -0.11427658852205877 -0.4779962692207713 0.8708963359245376 -163.19271537031423
-0.9926592503951733 0.03221423573942484 -0.11657553611549906 -63.030089420274294 0.026817491986219074 -0.8812551627892121 -0.47187939156200265 -612.7598267810816 -0.11793402701705545 -0.47154170661043676 0.873922184292434 -170.7699980569318
-0.9921483178494697 0.03652294225788494 -0.11961517494571303 -64.6782169891935 0.029105784153970585 -0.862722603821604 -0.5048391448610655 -621.1083044372169 -0.1216329261230198 -0.5043568018219826 0.8548857512782951 -156.8884147524367
-0.9923887001043555 0.036937226796081135 -0.11747471720247116 -66.37216718689535 0.02683904193538526 -0.866147258470931 -0.49906772333149213 -635.0899530974001 -0.12018458192786437 -0.49842207808232675 0.858563392153964 -165.06126589896985
-0.9919608355197544 0.03959103649904033 -0.12019255644123697 -67.44081935619764 0.03069461217681482 -0.8461580724525393 -0.5320473260967633 -643.5218352323014 -0.12276620698817065 -0.5314593740375028 0.8381404370207926 -151.17053107223012
-0.9920110161516719 0.040802095172038394 -0.11937056950227128 -68.75935806765179 0.028608276307317885 -0.8488339285966044 -0.5278849573439072 -657.4043429045219 -0.12286460173885666 -0.5270826791811946 0.840885330438536 -159.58292604575834
-0.9921115356004042 0.04061322309751481 -0.11859707854005573 -69.86261639098102 0.027077980686559252 -0.8543019540611293 -0.5190712419786656 -671.3889113490563 -0.12239887209669087 -0.5181879363676534 0.8464630994393614 -167.85851693698714
-0.9917673953862166 0.04511473669761218 -0.11984195417941824 -67.90240894761438 0.02864150244527013 -0.8340175832590624 -0.5509939520107191 -662.6804317143027 -0.12480824406469845 -0.5498902902829051 0.8258592924137068 -181.48315124593466
-0.992377471512599 0.044305724066253924 -0.11499546447239818 -70.21233007106035 0.025301394662084524 -0.8400079004272878 -0.5419839173332484 -676.0511936196187 -0.12061008855983073 -0.5407621751146289 0.8324839196662508 -190.49635077227794
-0.9930370502084088 0.044774087613536726 -0.10896191073835944 -73.43845821353268 0.021309118369640417 -0.8414231140014519 -0.5399565396385236 -689.5643292685979 -0.11585913165429262 -0.5385187316170855 0.8346102307723275 -199.0038949622671
-0.9938103176108438 0.04349999820457623 -0.10221938547277586 -76.22303603518881 0.01720834898163231 -0.8487593585602612 -0.5284992185251558 -703.0613068211693 -0.10974937510325822 -0.5269870030774718 0.8427572445561462 -207.6935006439933
-0.993337908325506 0.048760490755638104 -0.10441366972180623 -78.44051964911841 0.01826804652009743 -0.8279831023332959 -0.5604554047619406 -712.4116647480756 -0.11378083476510381 -0.5586290332517634 0.8215762440871542 -194.53576984147705
-0.993040457459974 0.05042436710302553 -0.10643323282669373 -78.1582945112986 0.022569282840917183 -0.8054850697361283 -0.5921861446405442 -702.9018523822991 -0.11559099151632764 -0.5904669217106439 0.7987412203247231 -207.76441738944905
-0.993220936022721 0.0506691925052397 -0.10461742291326728 -79.63893624950246 0.02057029904924363 -0.809180352676737 -0.5872001529623239 -716.1149510504049 -0.11440732075864075 -0.5853714972330114 0.8026525868543692 -217.18653636697096
-0.9933933850791783 0.052241547993448274 -0.10217829096327517 -81.32476500225617 0.017298628689063903 -0.8120331139478841 -0.58335493423608 -729.300304269239 -0.11344752058288755 -0.5812684771388782 0.8057646167201956 -226.6152463542461
-0.9937810950627565 0.05191726837493756 -0.09850752428291687 -83.2360530352612 0.014098878840594067 -0.8188674032682071 -0.5738095480908475 -742.6867518512445 -0.11045522491626346 -0.5716299267089396 0.8130429694545228 -235.71403453890102
-0.9943912470791556 0.05240445478812628 -0.09186849759692825 -86.3311960683449 0.009166959577598426 -0.8226435465252009 -0.5684835637136249 -755.8099857776839 -0.1053660978894998 -0.56613723466912 0.8175491526120862 -244.8726763689613
-0.9951440586936421 0.05150688639463379 -0.08387695214223694 -89.87501616427353 0.004696535684631174 -0.8263373718511194 -0.5631558313954924 -769.0337976562678 -0.0983170636222586 -0.5608151108307571 0.822082822144205 -253.72108434420292
-0.9947910671258576 0.05491313910492706 -0.08587944992975118 -90.97996679438343 0.007017841942515778 -0.8035989052851696 -0.5951298592063305 -778.123294902728 -0.101693080694131 -0.5926325561240442 0.7990276407990003 -240.23313618918283
-0.9950617364818164 0.05517927616335497 -0.08250689711700748 -92.60454819051861 0.0034242663830014288 -0.8116586527271699 -0.5841219956934119 -791.343165991303 -0.09919886586814379 -0.5815199729460737 0.8074615198727857 -249.63542627409922
-0.9950989025041942 0.05529930656254364 -0.08197658768603336 -93.47186434878168 0.002268583346696241 -0.8160272380742043 -0.5780089966865442 -804.7421788391728 -0.09885862513985638 -0.5753620889619736 0.811902357935219 -258.88553033664675
-0.9954353426351099 0.055113654735350556 -0.07791638912725367 -95.85876007370572 -0.00027038365576837424 -0.8180307465502756 -0.5751744297090039 -817.8328477669927 -0.09543796689785071 -0.5725278881941992 0.8143116183097797 -268.31051752157936
-0.995864976374818 0.05451367449740946 -0.07267192114406759 -98.22374481985572 -0.0036449907618571935 -0.8232813211827386 -0.5676218637737199 -831.0978748447153 -0.09077258877174646 -0.5650098454756282 0.8200757353094157 -277.496511910849
-0.9958431640169966 0.055125719858548784 -0.07250894903865057 -98.92968477420695 -0.005109696109500689 -0.8286189737615507 -0.5597896813340025 -844.6882992663792 -0.09094110009385699 -0.5570922287489114 0.825456216271515 -286.4843987852569
-0.9962126553260431 0.05495800508950577 -0.06737924787953574 -101.36783703099573 -0.00853898757872797 -0.8330083556961702 -0.5531945092203052 -858.2569550133597 -0.08652994313739022 -0.5505240203814391 0.8303227516596745 -295.2005168491222
-0.9965566775238346 0.05410253863422919 -0.06283075517597773 -103.63758350368823 -0.011000428587139004 -0.8373522958012947 -0.5465529464628306 -871.7309870999626 -0.08218137899518844 -0.5439798231824703 0.8350641729333228 -304.1092896763207
-0.9968479963003057 0.05459820934387833 -0.057559602226770416 -106.2790162073252 -0.014789856224246103 -0.8406964424016946 -0.5413046756550334 -885.3354711336252 -0.07794441881833371 -0.5387471830734479 0.838854063771223 -312.71465520181414
-0.9968156714483968 0.05442128071232689 -0.05828242754473935 -106.75918281872443 -0.014934984487677353 -0.845387147271301 -0.5339452382659153 -899.3100193585487 -0.07832919885477058 -0.5313745340474276 0.843507937824326 -321.1192361677803
-0.9969600319050269 0.05280377271548387 -0.057292725288075295 -107.64901871544569 -0.015012243887612445 -0.8517301462472749 -0.5237655873642858 -913.0982432002205 -0.07645474031989033 -0.521313264324443 0.8499336168913485 -329.79637614475155
-0.997209638957974 0.05295572105192971 -0.0526177496399568 -110.08455599269944 -0.018024119304088333 -0.8547798119835779 -0.5186777459546846 -926.9468632542208 -0.07244354417485857 -0.5162820591819836 0.8533491479307836 -338.07453303824985
-0.9972980693977891 0.05323402551803081 -0.05062311036062347 -111.55318778488298 -0.01973782501225542 -0.8579495152507084 -0.5133546995449262 -940.9671232064402 -0.07076001016975314 -0.5109684606785627 0.8566821190806746 -346.2942580517258
-0.9972599338578578 0.05348525423871007 -0.051107258788132534 -112.210648148243 -0.019784105056725888 -0.8585128576569158 -0.5124102481653368 -954.9005856655253 -0.0712826311868523 -0.5099950988164265 0.8572186335319019 -354.76535068004966
-0.9972765630786814 0.05334156932461189 -0.05093263900443027 -113.11398730906117 -0.019889761693684296 -0.8595164622214303 -0.5107209106254862 -968.9635523556732 -0.0710200965483435 -0.5083169563887711 0.8582365744559705 -362.9991046912951
-0.9972765630787241 0.053341569324474994 -0.050932639003735465 -113.98242343270353 -0.019889761693971535 -0.859516462221784 -0.5107209106248783 -982.9477224056541 -0.0710200965476625 -0.5083169563881872 0.8582365744563732 -371.37236681996137
-0.9975045030789108 0.052413734120064455 -0.047302926049887783 -115.88752282903104 -0.02149255599998853 -0.8636136038829122 -0.5036959531552294 -996.6911218107196 -0.06725203620617794 -0.5014223206678764 0.8625849639091581 -379.97221673212795
-0.9974398001741395 0.052250542175591774 -0.0488234151911176 -116.09931410976996 -0.020706818910249985 -0.8645192889051678 -0.5021729052443197 -1010.7589308039969 -0.06844759074785063 -0.4998762646428207 0.8633878892870542 -388.25261618713347
-0.9974531275525088 0.05253781405114958 -0.04823936598297915 -116.91788514778469 -0.021905823388754353 -0.8692961470873838 -0.4938059776477885 -1025.064224829324 -0.06787778161794407 -0.49149159377730534 0.8682330447574955 -396.0786723301685
-0.9975100971316928 0.052962520371852596 -0.04656798853478911 -118.47940697704541 -0.02314706644185994 -0.8696089497738946 -0.4931982236264425 -1039.174557033189 -0.06661696056899413 -0.49089229563011555 0.8686696349335257 -404.1449284222128
-0.9975417484835847 0.05247879543569892 -0.04643744245676132 -119.40325210764877 -0.022901841057067305 -0.8704483005516638 -0.4917268161722676 -1053.3877536253447 -0.06622662386460247 -0.48945452505451176 0.8695103807288095 -412.1312748174482
-0.9975379400459173 0.05230051553759801 -0.04671952743172776 -120.16582601502786 -0.022641679485216955 -0.8707063265339514 -0.49128184098726707 -1067.5939789159445 -0.066373281665373 -0.4890144670745974 0.8697467668653428 -420.14986771277336
-0.9974994921890613 0.0521247994448863 -0.04772597160236564 -120.6204503682201 -0.022088832786473486 -0.8714101094105186 -0.4900576544482056 -1081.8093926346917 -0.06713305109028182 -0.4877780504491541 0.8703825176043761 -428.17841931521775
-0.9975810226822021 0.05246195304303158 -0.04560533595136627 -122.20372109002231 -0.02372284624598838 -0.8736141889952375 -0.4860406108054969 -1096.0430535035284 -0.06534010828209007 -0.483783001219662 0.8727454829333585 -436.03238342612235
-0.9974095582661973 0.05260359399207438 -0.04906154276356368 -121.65163100273894 -0.022155764415657704 -0.8735620135667128 -0.48620832012258486 -1110.344665775763 -0.06843460515252262 -0.4838618298154819 0.872464574905613 -443.90601685486234
-0.997327240999695 0.05276791437001036 -0.05053633913304812 -121.89753201686426 -0.021638187073458333 -0.8739565498556805 -0.4855221290780957 -1124.632631004027 -0.06978655472299096 -0.4831309306775892 0.8727624766237956 -451.82277737477136
-0.9973272433361097 0.05276791893916597 -0.050536288253302246 -122.77623321844365 -0.021638209349823273 -0.8739565047777402 -0.48552220922714395 -1138.8676919864627 -0.06978651442595674 -0.4831310117219804 0.8727624349826081 -459.7926635590839
-0.9972853263417225 0.053055200706254885 -0.05105999942712531 -123.46757534031079 -0.0215625611593411 -0.8734527059658804 -0.48643131724543465 -1153.1482056216803 -0.07040620583250096 -0.48400983060150704 0.8722255729232959 -467.702399131225
-0.9972853263183465 0.053055200683327614 -0.051059999907515266 -124.34165527633667 -0.02156256097346779 -0.8734527064374181 -0.4864313164069643 -1167.3774360396233 -0.07040620622053793 -0.484009829753075 0.8722255733627804 -475.6890650663744
-0.9972853263312812 0.05305520073174045 -0.051059999604573775 -125.21581258674 -0.02156256117613677 -0.8734527065223467 -0.48643131624547997 -1181.6079184875427 -0.0704062059752515 -0.4840098295945049 0.8722255734705727 -483.6764337926481
-0.9971263274736797 0.05403031588817843 -0.053101902262253614 -125.20696974789712 -0.022139667998061736 -0.8781848149426765 -0.477808817316121 -1195.9627778546983 -0.07244944554502619 -0.47526009275881825 0.8768574126225417 -491.4901349028742
-0.9970526572769892 0.05430159877027248 -0.05419718616202748 -125.57613455726533 -0.021992465082742805 -0.8790740996992916 -0.47617754957312075 -1210.2931659433377 -0.07350054487194833 -0.4735821614132779 0.8776773930634508 -499.34296478810046
-0.9969453595786634 0.05468454100268169 -0.05576334808716137 -125.73068818359806 -0.021959965883695958 -0.8814404233970382 -0.47178442100183315 -1224.741015389998 -0.07495138366268396 -0.46911872801773297 0.8799488105055167 -506.9879843866101
-0.9969010313428107 0.054981413332505974 -0.056261691190319964 -126.38018485975046 -0.021922863251033244 -0.8810377127235974 -0.47253776232767497 -1239.1330624649788 -0.07554946574603505 -0.4698399652506495 0.8795127544719049 -514.7148935412673
-0.9968290668373075 0.05523009733418219 -0.057283923195899304 -126.8199225216134 -0.021450067104190226 -0.8797531738151342 -0.47494657360951825 -1253.4433809741804 -0.07662705872916362 -0.47221180577221294 0.8781482245952918 -522.6096292297302
-0.996823711283084 0.05518456942542129 -0.05742083176987199 -127.63753260480499 -0.02120945096910575 -0.8789208699830371 -0.4764958168733992 -1267.7268675471596 -0.0767635839014973 -0.47376446427058194 0.8772995979601302 -530.5258408950473
-0.9964981257929352 0.05871317914048669 -0.05953358620458635 -126.75790205759783 -0.020117024737962348 -0.8594292989700931 -0.5108586745739613 -1260.5393418547837 -0.08115904513271475 -0.507872073131602 0.85760082015245 -545.1875619408529
-0.99655326665621 0.05827881278654697 -0.05903530043136456 -127.68060623815296 -0.020258275191182666 -0.8610771333218407 -0.5080706375657985 -1274.576604898479 -0.08044370082927069 -0.505123500196171 0.859289858282093 -553.527324864909
0.9940274644253739 -0.05520570770563158 -0.09413676117636445 -126.4117964163592 0.0036940643589298263 0.8791367715929033 -0.4765552336526344 -1266.242227696018 0.10906765724341655 0.4733612433120471 0.8740900293868507 -567.5424385191482
0.9942243561016867 -0.05527781208102854 -0.09199072358512501 -126.56740075103926 0.00516016325667657 0.8807806813486456 -0.4734963189700398 -1251.9295637631117 0.10719749273814519 0.4702868856927114 0.8759788483154752 -559.6262574941691
0.9944589212006026 -0.054781493114104546 -0.08972425567658107 -126.74151115028981 0.0056364403359490224 0.880050458659007 -0.4748467339620315 -1237.5425767220866 0.10497468544780841 0.47170984537770677 0.8754828023375867 -551.8433250566757
0.9945937569960298 -0.054377276744432025 -0.08846677522310549 -126.4597968024603 0.0059538499053911125 0.8803925110718019 -0.4742083699387732 -1223.2596827937105 0.10367164615178036 0.471117966355079 0.8759566493620758 -543.8710899620532
0.9942441524821474 -0.05722537380632287 -0.09057495154719225 -125.19771048163966 0.005916469328530705 0.8734402362736102 -0.4868954190059516 -1209.070927961753 0.1069745794370514 0.4835570392942543 0.8687514196266044 -535.823074895252
0.9947040566192517 -0.05225445511284929 -0.08850599791006346 -127.27490541824082 0.006636099078402326 0.8919714121832023 -0.45204309754372074 -1216.6647253747292 0.10256608569219375 0.4490617683223111 0.8875943478284547 -521.479060975249
0.9950922566979309 -0.053518735095414514 -0.08322947587002184 -128.36205533317917 0.009481289224433748 0.8888131074806581 -0.4581717637799333 -1201.9784431067185 0.09849622233595677 0.45513405164232745 0.8849584675119982 -514.34397015585
0.9952615312634517 -0.055904342377931286 -0.07955619957245529 -128.7820537162337 0.01231639632209415 0.8840831677022972 -0.46716727086462817 -1187.659438165007 0.09645097598655147 0.4639737676730877 0.8805825072884884 -506.43100987125416
0.9958166989571516 -0.04981971054353658 -0.07659698766552198 -131.34483745063758 0.011984514811275254 0.9022568020208681 -0.4310325215245481 -1194.9728567585555 0.09058406859272852 0.4283114049945801 0.8990794552589643 -492.01510995254944
0.9962342351114729 -0.05100664113070772 -0.07011184887316582 -132.75726349716655 0.015061132308099124 0.8981609700115433 -0.43940873255036417 -1180.2473958522646 0.08538448972411998 0.4366980587413735 0.8955469247370943 -485.0090564872844
0.996531857281377 -0.04923951681188172 -0.0670800075093434 -131.33391367393244 0.01804794728705068 0.9148401078939955 -0.40341275213758687 -1172.9756142172077 0.081231330298383 0.4008030026991214 0.9125559840389641 -499.6056585297011
0.9960226233204182 -0.05132651778937302 -0.07283215227851532 -128.74771014732246 0.016377256496399324 0.908947817826221 -0.41658810585348877 -1158.3781033483313 0.08758264270707283 0.4137383871972298 0.9061731775195508 -492.6604261432712
0.996048649606883 -0.0522038033927978 -0.07184601956700562 -127.93753722877379 0.017053446804280177 0.9063662032295741 -0.42214865343300073 -1143.6040756319967 0.0871565692784544 0.41925537391252327 0.9036750875602796 -485.65114191470656
0.9960478109120641 -0.053978462337447644 -0.07053427522106703 -127.35023003130733 0.01863939611069241 0.9034888415993167 -0.42820612561960025 -1128.9627526462161 0.08684083883695017 0.4251990577473171 0.9009242087994344 -478.3442096404623
0.9960534237317633 -0.056960108493881494 -0.06806704865490565 -127.22376991801235 0.021624816494160797 0.8995370712740325 -0.43630886389726703 -1114.4364275251949 0.08608103382173043 0.433115000252933 0.8972187315098162 -470.7864025923244
0.995608540870968 -0.05746966737721602 -0.07389770413433433 -124.59146096516197 0.018180570463333767 0.8930554502872593 -0.449579169412732 -1099.960269523638 0.09183191276675674 0.4462613584479049 0.8901784651146247 -463.59555322559976
0.9957192614360564 -0.05836570161534611 -0.0716700584635863 -124.25779758462542 0.019715119546324062 0.8916751463866387 -0.4522463348415708 -1085.3747640402505 0.09030208450805373 0.4488974027451167 0.8890088049857484 -456.1528394845411
0.9957192614359425 -0.05836570161645914 -0.07167005846425942 -122.89769498027735 0.01971511954629524 0.8916751463830389 -0.4522463348486691 -1070.8706904701012 0.09030208450931357 0.44889740275212225 0.8890088049820832 -448.66484531681925
0.9958373125150005 -0.05870458041825095 -0.06972674695415582 -122.41315424904874 0.02088436671033073 0.8915834999087433 -0.45237451952732394 -1056.3362299605653 0.08872367344739644 0.4490352268234522 0.889098124416878 -441.1250516585116
0.9958387533010999 -0.05871598475391308 -0.06969656059002884 -121.05392971187226 0.020905573168073167 0.8915695082439414 -0.45240111514027415 -1041.7963795542523 0.0887025052307751 0.44906151594634647 0.8890869588863359 -433.7004423836051
0.9955784705030339 -0.061026202606156384 -0.07140946482296305 -119.42677323086383 0.021617976596205332 0.8886622076790537 -0.458052555642766 -1027.5411131424278 0.09141210072367675 0.454483534617547 0.886052224534663 -425.7906337374428
0.9952025014411177 -0.061741703301105656 -0.07589428963242444 -116.8939829134049 0.01956322265853532 0.8856418202971545 -0.46395672908144037 -1013.5028309336802 0.0958606355317169 0.4602461604557035 0.8826008216295955 -417.7294490848105
0.9948988236427815 -0.06379518358025434 -0.07814413136097291 -115.18907356335056 0.019493471364581367 0.8816216613672468 -0.47155408044275027 -999.2839292414199 0.09897643804642367 0.4676252995294562 0.8783679433765943 -409.76496408777115
0.9947761686788775 -0.06441346319497428 -0.07919141359889828 -113.8202162956107 0.01886540339000972 0.878420088311143 -0.47751674840404246 -984.9949357222855 0.10032183602533526 0.4735283034948066 0.8750465559076468 -401.8584087477325
0.9947500046071891 -0.06462701741885583 -0.07934593218010033 -112.67303926528024 0.018641645845004343 0.8768192593034098 -0.48045860961668985 -970.7144790073606 0.10062264841563041 0.47645706536282867 0.8734207162024862 -393.8984424424661
0.9944080812673041 -0.06627601908687256 -0.08221956704011844 -110.70610926120563 0.017900952085652934 0.873070289595712 -0.48726566197473853 -956.7473517941454 0.10407748951956484 0.48306910346166004 0.8693745553304694 -385.5494966853403
0.9941730053999489 -0.06829884087851855 -0.08339846322728421 -109.26593844673778 0.01828728861211265 0.8693135777984204 -0.49392254304751126 -942.632834730966 0.10623375362491513 0.4895193272894917 0.8654970928898624 -377.3393517181904
0.994462934538549 -0.0688987267528382 -0.07935009313670727 -109.7943470897267 0.020596940080508535 0.8682276417078261 -0.4957383667155289 -928.4382720399299 0.10304968650261068 0.49135906181355843 0.8648393113668065 -369.1551528264037
0.9947466367842321 -0.06833567790214908 -0.07621918217942894 -109.95155961098654 0.021712801541652418 0.8684700980341906 -0.49526583071083097 -914.1701678367749 0.10003840690284944 0.4910090874374247 0.8653914681796939 -361.0812395299493
0.9949971934828331 -0.06777031312242894 -0.07340142791909118 -109.95096571877461 0.022801555952367266 0.8693880114248156 -0.4936036614906227 -899.9398316111303 0.09726599615191674 0.48946059111034496 0.86658390000189 -352.93662207908113
0.9952236128531974 -0.06755282255336001 -0.0704739425922221 -109.22143210192387 0.02787948568237208 0.8885232187883425 -0.4579838686592392 -891.7179204396217 0.0935558373245842 0.45383158312205757 0.8861626258556732 -367.1052758130664
0.9954394108010286 -0.06738862088440578 -0.06752150175601176 -109.28753529911897 0.028734142945430974 0.8867380650210375 -0.46137831881432334 -877.2743946541916 0.09096553442530261 0.4573339893535574 0.8846303712447804 -359.3394299759917
0.9955927237334894 -0.06789422482397987 -0.06469546108090439 -109.26408615128844 0.03006260366188083 0.8844893746310943 -0.4655907924623918 -862.6611058395591 0.08883337385233461 0.46159389120767425 0.8826322627741228 -351.8946532565334
0.9957480371205322 -0.06875243008147967 -0.061310275880039136 -108.44191292877576 0.03585287479761365 0.9023250234071901 -0.4295627119547902 -855.1091775443123 0.0848552764378387 0.4255380776042259 0.9009533431701983 -366.4311947614344
0.9952756086793079 -0.07213090197938134 -0.06498919716123458 -106.1059834744952 0.036340704970516904 0.897476737831561 -0.43956212099481334 -840.8184733775915 0.09003230492588167 0.43512370428517866 0.8958579943489238 -358.72515957036364
0.9956924842053222 -0.06968954496989745 -0.061154265745825664 -107.87792357493532 0.03931158785839443 0.9146737037603448 -0.4022767886783659 -847.4276128102935 0.08397068510542446 0.39813990376652403 0.9134733390043235 -343.8158230062148
0.9954177470870001 -0.07152706129999249 -0.06346170724158438 -105.81767798780596 0.039553088646121115 0.9122307204009158 -0.40776300216593103 -832.9378442715803 0.08705780816665278 0.40338442242928657 0.9108797647212324 -336.40260313617785
0.9953685933944099 -0.07405601414422229 -0.061294943128233616 -105.38783456855356 0.042126187219789335 0.9091479061803197 -0.4143373855184438 -818.2160365188937 0.08641034448690788 0.4098362983643683 0.9080569700787745 -329.1719425461348
0.9954464743734904 -0.07402497466504303 -0.060055139523744416 -104.34034414861767 0.04250535000811719 0.9086270408488502 -0.4154397620100234 -803.4018056818344 0.08532064157086665 0.4109953816822004 0.9076360417908912 -322.19446203145765
0.9954708644760837 -0.07619181424816183 -0.056855654255324274 -104.27556696233431 0.04556263044701218 0.9072677384879531 -0.41807809964849824 -788.619699849327 0.08343742976612258 0.4135940741119542 0.9066300994195466 -315.06886603234403
0.9955716506069432 -0.07695352888607189 -0.053992989357274764 -103.92864169862438 0.04730510063350269 0.9064476158828586 -0.4196605141234176 -773.7750478912902 0.08123617397322958 0.41524796694536364 0.9060738435612917 -308.0795851653501
0.9955843562789063 -0.07958947701065698 -0.04977252938995332 -104.18586056955074 0.05085771868595255 0.9029881049221868 -0.4266450220254457 -758.9442039275551 0.07890045616322239 0.4222297923148045 0.9030485703986417 -301.0539798849274
0.995636029617949 -0.08033928301804316 -0.04748153462917292 -103.668118833729 0.05246542694465283 0.9026538112753071 -0.42715743697806846 -744.1631669995683 0.07717691042086557 0.4228021955883204 0.9029296915616318 -293.9351847170238
0.9958945883080591 -0.07963171814445405 -0.04304368065200464 -104.12772828764813 0.05393451538647983 0.9038924257087592 -0.424346027195208 -729.3488933830748 0.07269826014929946 0.420282371997319 0.904476473303518 -286.8785902524628
0.9959473298688699 -0.07996752113957216 -0.04115958806703696 -103.40039329981379 0.054893835115407255 0.9029975609194384 -0.4261244792779019 -714.5185742893519 0.07124312593772623 0.4221381296878223 0.9037277335958469 -279.87522735562095
0.9956957932369387 -0.08169735819611842 -0.043765614288231044 -101.43476478715434 0.05443965749153805 0.897707619167236 -0.4372154551034215 -699.7421761103799 0.07500807304854087 0.43295100433289585 0.8982912761597315 -272.99381713066293
0.9954829595004742 -0.0842303408177451 -0.04380555934914406 -100.22794969113265 0.05569549033830331 0.8917736664116508 -0.44904091155560916 -684.9758205661827 0.07688751329143766 0.4445728034646778 0.8924367387772724 -265.91550292091836
0.99485777483815 -0.08768049795073697 -0.05069652969565659 -96.82657336558792 0.054729976723409554 0.8865746637796099 -0.4593364727429348 -670.6671917765727 0.08522110942675325 0.4541998412848444 0.8868144488476117 -258.61189824186977
0.995215456257801 -0.08582364509565703 -0.04669579818419269 -94.8046526486018 0.05816907869987903 0.9044552885505251 -0.4225837068513028 -662.8162103787257 0.07850193570079232 0.4178455850616065 0.905120165025479 -272.89360709586913
0.9950491056982478 -0.08939144182220612 -0.04343325198568695 -94.47124538527804 0.062197283760212774 0.9009732827134929 -0.4293933415055689 -648.2243833366722 0.07751628952650236 0.4245660301595204 0.9020725640948328 -265.36334171879537
