0.9250555038452148 0.15468241274356842 -0.34690892696380615 -0.42708390951156616 -0.3798321485519409 0.37671855092048645 -0.8448731899261475 -1.0401339530944824 0.0 0.9133217334747314 0.40723881125450134 0.5013567805290222
0.9254249334335327 0.15128572285175323 -0.3474210500717163 -0.4276965856552124 -0.37893107533454895 0.3694697618484497 -0.8484712243080139 -1.0445200204849243 -1.4901161193847656e-08 0.9168449640274048 0.3992433547973633 0.49149301648139954
0.9257906079292297 0.14789412915706635 -0.3479066491127014 -0.4282762408256531 -0.37803661823272705 0.3621844947338104 -0.8520039916038513 -1.048824667930603 0.0 0.9202987551689148 0.3912164270877838 0.48159098625183105
0.9261528253555298 0.14450769126415253 -0.34836551547050476 -0.42882275581359863 -0.37714850902557373 0.35486340522766113 -0.8554711937904358 -1.0530476570129395 7.450580596923828e-09 0.9236825704574585 0.3831585645675659 0.47165146470069885
0.9265114665031433 0.14112648367881775 -0.3487977981567383 -0.42933616042137146 -0.3762666583061218 0.3475070297718048 -0.8588727116584778 -1.0571887493133545 0.0 0.9269962906837463 0.3750704228878021 0.4616751968860626
0.9268667101860046 0.13775059580802917 -0.34920331835746765 -0.429816335439682 -0.37539076805114746 0.34011608362197876 -0.8622080683708191 -1.0612473487854004 -7.450581485102248e-09 0.9302396774291992 0.3669525384902954 0.45166292786598206
0.9272186756134033 0.13438010215759277 -0.34958210587501526 -0.4302632808685303 -0.3745206594467163 0.3326912522315979 -0.8654771447181702 -1.0652233362197876 0.0 0.9334122538566589 0.3588055968284607 0.4416154623031616
0.9275673627853394 0.1310151368379593 -0.3499341607093811 -0.4306769371032715 -0.37365612387657166 0.32523319125175476 -0.8686797022819519 -1.0691163539886475 1.4901161193847656e-08 0.9365140795707703 0.3506302237510681 0.4315336048603058
0.9279129505157471 0.1276557445526123 -0.35025933384895325 -0.43105724453926086 -0.3727969825267792 0.31774240732192993 -0.8718154430389404 -1.0729260444641113 -7.450580596923828e-09 0.9395444393157959 0.34242695569992065 0.42141807079315186
0.928255558013916 0.12430207431316376 -0.35055771470069885 -0.4314042031764984 -0.3719431757926941 0.3102196753025055 -0.8748840689659119 -1.0766520500183105 0.0 0.9425034523010254 0.33419644832611084 0.4112696647644043
0.9285951852798462 0.12095419317483902 -0.3508290946483612 -0.43171772360801697 -0.371094286441803 0.3026655912399292 -0.8778852820396423 -1.0802942514419556 -1.4901161193847656e-08 0.9453907012939453 0.32593923807144165 0.4010891616344452
0.9289320707321167 0.11761225759983063 -0.35107359290122986 -0.4319978356361389 -0.3702503740787506 0.29508084058761597 -0.8808189034461975 -1.0838521718978882 -7.450581485102248e-09 0.9482060074806213 0.3176560401916504 0.3908773958683014
0.929266095161438 0.11427637934684753 -0.35129112005233765 -0.4322444498538971 -0.36941105127334595 0.2874661087989807 -0.8836846947669983 -1.0873255729675293 0.0 0.95094895362854 0.3093474805355072 0.3806351125240326
0.9295974969863892 0.11094669252634048 -0.3514816462993622 -0.4324575662612915 -0.3685763478279114 0.2798219919204712 -0.8864824175834656 -1.0907142162322998 0.0 0.9536197185516357 0.30101412534713745 0.37036311626434326
0.929926335811615 0.10762330144643784 -0.3516451418399811 -0.43263712525367737 -0.367745965719223 0.27214911580085754 -0.8892118334770203 -1.0940178632736206 0.0 0.9562175869941711 0.29265663027763367 0.36006221175193787
0.9302526712417603 0.10430635511875153 -0.3517816364765167 -0.4327831566333771 -0.3669198155403137 0.2644481360912323 -0.891872763633728 -1.0972360372543335 7.450581485102248e-09 0.9587425589561462 0.2842756509780884 0.3497331738471985
0.9305764436721802 0.10099601000547409 -0.35189107060432434 -0.43289560079574585 -0.36609768867492676 0.25671976804733276 -0.894464910030365 -1.1003687381744385 7.450580596923828e-09 0.9611944556236267 0.27587175369262695 0.339376837015152
0.9308979511260986 0.09769238531589508 -0.35197338461875916 -0.4329744279384613 -0.3652794361114502 0.2489645630121231 -0.896988034248352 -1.1034154891967773 0.0 0.9635729193687439 0.2674456238746643 0.3289939761161804
0.9312171936035156 0.09439565241336823 -0.35202860832214355 -0.4330196678638458 -0.36446496844291687 0.24118328094482422 -0.8994419574737549 -1.1063761711120605 0.0 0.965877890586853 0.2589978873729706 0.31858542561531067
0.9315341711044312 0.09110595285892487 -0.35205674171447754 -0.43303126096725464 -0.3636540472507477 0.23337650299072266 -0.9018265604972839 -1.1092504262924194 0.0 0.9681090116500854 0.2505291998386383 0.3081519603729248
0.93184894323349 0.08782344311475754 -0.35205772519111633 -0.43300923705101013 -0.3628465533256531 0.22554488480091095 -0.9041414856910706 -1.1120381355285645 0.0 0.9702662825584412 0.24204015731811523 0.2976944148540497
0.9321616888046265 0.08454825729131699 -0.3520315885543823 -0.43295353651046753 -0.36204230785369873 0.21768905222415924 -0.9063867926597595 -1.1147390604019165 0.0 0.9723493456840515 0.23353146016597748 0.28721362352371216
0.9324724078178406 0.08128058165311813 -0.35197821259498596 -0.4328641891479492 -0.3612411916255951 0.20980969071388245 -0.9085618853569031 -1.1173529624938965 0.0 0.9743579030036926 0.22500364482402802 0.2767103612422943
0.9327812194824219 0.0780205950140953 -0.3518977463245392 -0.4327411651611328 -0.360443115234375 0.2019074410200119 -0.9106668829917908 -1.1198794841766357 0.0 0.9762920141220093 0.21645748615264893 0.266185462474823
0.9330881834030151 0.07476844638586044 -0.35179004073143005 -0.4325844943523407 -0.35964784026145935 0.19398295879364014 -0.9127014875411987 -1.1223186254501343 0.0 0.9781514406204224 0.207893505692482 0.2556397318840027
0.9333932399749756 0.07152433693408966 -0.3516552150249481 -0.4323941767215729 -0.35885533690452576 0.18603691458702087 -0.9146655797958374 -1.1246700286865234 0.0 0.9799360632896423 0.1993124634027481 0.24507400393486023
0.9336965680122375 0.0682884082198143 -0.3514932096004486 -0.43217021226882935 -0.35806533694267273 0.17806988954544067 -0.9165589809417725 -1.1269335746765137 7.450580596923828e-09 0.9816454648971558 0.1907149702310562 0.23448911309242249
0.933998167514801 0.06506086885929108 -0.35130399465560913 -0.4319125711917877 -0.3572777807712555 0.17008259892463684 -0.9183815121650696 -1.1291090250015259 -3.7252898543727042e-09 0.9832797646522522 0.18210165202617645 0.22388584911823273
0.9342981576919556 0.06184189394116402 -0.3510875701904297 -0.4316213130950928 -0.3564925193786621 0.1620756834745407 -0.9201328754425049 -1.1311962604522705 0.0 0.984838604927063 0.17347317934036255 0.2132650762796402
0.934596598148346 0.058631669729948044 -0.35084402561187744 -0.4312964081764221 -0.355709433555603 0.15404976904392242 -0.9218131303787231 -1.1331950426101685 0.0 0.9863219857215881 0.16483022272586823 0.20262759923934937
0.9348934888839722 0.05543037876486778 -0.35057327151298523 -0.43093788623809814 -0.3549283742904663 0.1460055112838745 -0.9234220385551453 -1.1351051330566406 -3.725290298461914e-09 0.9877296686172485 0.15617342293262482 0.19197425246238708
0.9351890087127686 0.05223822966217995 -0.3502753973007202 -0.4305458068847656 -0.3541492819786072 0.1379435807466507 -0.9249593615531921 -1.136926531791687 0.0 0.9890615344047546 0.14750342071056366 0.18130585551261902
0.9354829788208008 0.04905540496110916 -0.3499503433704376 -0.4301201105117798 -0.35337188839912415 0.12986460328102112 -0.9264251589775085 -1.1386590003967285 0.0 0.9903175234794617 0.13882091641426086 0.17062325775623322
0.935775637626648 0.04588211327791214 -0.34959807991981506 -0.4296608865261078 -0.35259607434272766 0.1217692494392395 -0.927819013595581 -1.1403024196624756 0.0 0.9914974570274353 0.13012652099132538 0.15992729365825653
0.9360669851303101 0.042718540877103806 -0.3492187559604645 -0.42916810512542725 -0.3518218398094177 0.11365814507007599 -0.929141104221344 -1.1418565511703491 3.725290298461914e-09 0.9926010966300964 0.12142094224691391 0.14921878278255463
0.9363570809364319 0.03956493362784386 -0.3488123416900635 -0.4286418557167053 -0.3510490655899048 0.10553199052810669 -0.9303910732269287 -1.1433212757110596 0.0 0.9936285018920898 0.11270485073328018 0.13849858939647675
0.9366461038589478 0.03642144799232483 -0.3483787477016449 -0.42808210849761963 -0.35027748346328735 0.09739137440919876 -0.9315688610076904 -1.144696593284607 -3.725291186640334e-09 0.9945794343948364 0.10397885739803314 0.12776751816272736
0.9369338154792786 0.033288322389125824 -0.3479181230068207 -0.42748892307281494 -0.3495069742202759 0.08923700451850891 -0.9326744675636292 -1.145982265472412 1.862645149230957e-09 0.9954540133476257 0.0952436700463295 0.1170264258980751
0.9372205138206482 0.03016578033566475 -0.34743043780326843 -0.42686232924461365 -0.34873756766319275 0.08106951415538788 -0.9337076544761658 -1.1471781730651855 -3.725290298461914e-09 0.9962518811225891 0.08649995177984238 0.10627615451812744
0.9375061392784119 0.027054017409682274 -0.34691569209098816 -0.4262023866176605 -0.34796902537345886 0.07288955897092819 -0.934668242931366 -1.1482843160629272 0.0 0.9969729781150818 0.0777483582496643 0.09551754593849182
0.9377906322479248 0.023953255265951157 -0.34637391567230225 -0.42550909519195557 -0.3472011685371399 0.0646977648139 -0.9355562925338745 -1.149300456047058 0.0 0.9976174235343933 0.06898956000804901 0.0847514271736145
0.9380744099617004 0.0208637285977602 -0.34580519795417786 -0.42478254437446594 -0.3464340269565582 0.0564948208630085 -0.9363715648651123 -1.1502264738082886 0.0 0.998184859752655 0.06022424250841141 0.07397866249084473
0.9383571147918701 0.01778564415872097 -0.3452095091342926 -0.42402273416519165 -0.34566739201545715 0.04828134551644325 -0.9371141791343689 -1.1510624885559082 0.0 0.9986754059791565 0.051453061401844025 0.06320007890462875
0.9386391043663025 0.014719238504767418 -0.34458687901496887 -0.42322972416877747 -0.34490111470222473 0.04005800932645798 -0.9377838969230652 -1.151808261871338 -9.31322685637781e-10 0.9990888833999634 0.04267669841647148 0.05241652578115463
0.9389201402664185 0.011664744466543198 -0.34393736720085144 -0.42240360379219055 -0.3441351354122162 0.0318254716694355 -0.9383805394172668 -1.152463674545288 0.0 0.9994253516197205 0.0338958241045475 0.04162885248661041
0.9392005205154419 0.008622384630143642 -0.3432610332965851 -0.4215443730354309 -0.3433693051338196 0.02358436957001686 -0.938904345035553 -1.1530287265777588 9.313225746154785e-10 0.9996846914291382 0.025111116468906403 0.030837899073958397
0.9394800662994385 0.005592399276793003 -0.3425578474998474 -0.4206521213054657 -0.342603474855423 0.015335360541939735 -0.9393549561500549 -1.15350341796875 0.0 0.999866783618927 0.016323242336511612 0.020044516772031784
0.9397591352462769 0.0025750233326107264 -0.3418278694152832 -0.4197268784046173 -0.3418375849723816 0.007079097907990217 -0.9397324323654175 -1.1538876295089722 0.0 0.9999716281890869 0.007532886695116758 0.009249553084373474
0.9400374293327332 -0.0004295036487746984 -0.34107115864753723 -0.4187687635421753 -0.3410714268684387 -0.0011837681522592902 -0.9400366544723511 -1.1541813611984253 0.0 0.9999992251396179 -0.0012592776911333203 -0.0015461469301953912
0.9403151869773865 -0.003420940600335598 -0.3402877748012543 -0.41777774691581726 -0.34030500054359436 -0.009452586993575096 -0.9402676224708557 -1.1543843746185303 -2.3283064365386963e-10 0.9999495148658752 -0.010052572935819626 -0.012341734021902084
0.940592348575592 -0.006399041973054409 -0.3394777178764343 -0.41675397753715515 -0.339538037776947 -0.017726704478263855 -0.9404252767562866 -1.1544969081878662 -4.656612873077393e-10 0.9998223781585693 -0.01884631998836994 -0.023136358708143234
0.9408690929412842 -0.009363561868667603 -0.33864104747772217 -0.41569748520851135 -0.3387705087661743 -0.026005471125245094 -0.940509557723999 -1.1545188426971436 -9.31322685637781e-10 0.9996179342269897 -0.02763983979821205 -0.03392917662858963
0.9411453604698181 -0.012314250692725182 -0.33777785301208496 -0.414608359336853 -0.3380022943019867 -0.034288231283426285 -0.9405204653739929 -1.1544500589370728 -9.31322685637781e-10 0.9993361234664917 -0.036432452499866486 -0.044719330966472626
0.9414211511611938 -0.015250859782099724 -0.3368881642818451 -0.41348665952682495 -0.33723318576812744 -0.04257434606552124 -0.9404579997062683 -1.1542905569076538 0.0 0.9989768862724304 -0.04522348567843437 -0.05550597980618477
0.9416966438293457 -0.018173133954405785 -0.33597201108932495 -0.4123324751853943 -0.3364631235599518 -0.05086315795779228 -0.9403220415115356 -1.1540404558181763 0.0 0.9985402226448059 -0.05401225388050079 -0.06628827750682831
0.9419718980789185 -0.021080810576677322 -0.3350294232368469 -0.4111458361148834 -0.33569204807281494 -0.05915401130914688 -0.9401125907897949 -1.1536997556686401 1.862645371275562e-09 0.9980262517929077 -0.06279806792736053 -0.0770653635263443
0.9422467350959778 -0.023973634466528893 -0.33406051993370056 -0.4099268913269043 -0.33491966128349304 -0.0674462616443634 -0.9398296475410461 -1.1532683372497559 0.0 0.9974347949028015 -0.07158025354146957 -0.08783639222383499
0.942521333694458 -0.026851357892155647 -0.3330654203891754 -0.4086757004261017 -0.33414602279663086 -0.07573927193880081 -0.9394732117652893 -1.1527462005615234 -1.862645149230957e-09 0.9967660903930664 -0.08035814017057419 -0.09860051423311234
0.9427958130836487 -0.029713694006204605 -0.3320440351963043 -0.40739235281944275 -0.3333709239959717 -0.08403236418962479 -0.9390432834625244 -1.1521334648132324 0.0 0.9960198998451233 -0.08913103491067886 -0.10935688018798828
0.943070113658905 -0.03256039321422577 -0.3309965431690216 -0.40607690811157227 -0.3325941860675812 -0.09232491999864578 -0.938539981842041 -1.1514302492141724 1.862645149230957e-09 0.9951964616775513 -0.09789825975894928 -0.12010464817285538
0.9433442950248718 -0.035391174256801605 -0.3299229145050049 -0.4047294855117798 -0.3318157494068146 -0.10061626881361008 -0.9379630088806152 -1.1506363153457642 0.0 0.9942956566810608 -0.10665911436080933 -0.13084295392036438
0.9436184167861938 -0.038205768913030624 -0.3288232982158661 -0.40335017442703247 -0.33103543519973755 -0.10890575498342514 -0.937312662601471 -1.149751901626587 0.0 0.9933176040649414 -0.11541292816400528 -0.14157094061374664
0.9438924193382263 -0.04100390896201134 -0.3276976943016052 -0.4019390642642975 -0.33025309443473816 -0.11719276756048203 -0.9365888237953186 -1.1487771272659302 3.725290298461914e-09 0.9922623634338379 -0.12415900826454163 -0.1522877812385559
0.9441664814949036 -0.04378531873226166 -0.3265463411808014 -0.4004962742328644 -0.3294687867164612 -0.1254766285419464 -0.9357916116714478 -1.1477117538452148 0.0 0.9911299347877502 -0.13289672136306763 -0.16299261152744293
0.9444406032562256 -0.04654970392584801 -0.32536911964416504 -0.3990218937397003 -0.3286821246147156 -0.13375668227672577 -0.9349210262298584 -1.1465561389923096 3.725290298461914e-09 0.9899203181266785 -0.141625314950943 -0.17368458211421967
0.9447149038314819 -0.049296785145998 -0.3241661489009857 -0.39751604199409485 -0.32789307832717896 -0.14203231036663055 -0.933976948261261 -1.1453102827072144 -3.725290742551124e-09 0.9886336922645569 -0.1503441035747528 -0.18436284363269806
0.9449892640113831 -0.05202630162239075 -0.32293760776519775 -0.3959788382053375 -0.32710155844688416 -0.15030284225940704 -0.9329596757888794 -1.1439741849899292 3.725290298461914e-09 0.9872701168060303 -0.15905244648456573 -0.19502654671669006
0.9452637434005737 -0.054737936705350876 -0.32168346643447876 -0.3944103717803955 -0.32630738615989685 -0.1585676372051239 -0.9318689703941345 -1.1425479650497437 0.0 0.9858295917510986 -0.16774962842464447 -0.20567484200000763
0.9455385208129883 -0.0574314221739769 -0.3204038739204407 -0.39281076192855835 -0.3255103826522827 -0.1668260544538498 -0.9307051301002502 -1.1410317420959473 7.450581485102248e-09 0.9843122363090515 -0.1764349788427353 -0.2163068801164627
0.9458134770393372 -0.06010644882917404 -0.31909888982772827 -0.3911801278591156 -0.3247104287147522 -0.17507748305797577 -0.9294681549072266 -1.1394256353378296 0.0 0.9827181696891785 -0.18510784208774567 -0.22692184150218964
0.9460887312889099 -0.06276273727416992 -0.3177686333656311 -0.3895185887813568 -0.3239074647426605 -0.1833212524652481 -0.9281580448150635 -1.1377296447753906 -3.7252898543727042e-09 0.981047511100769 -0.1937675029039383 -0.23751886188983917
0.9463644027709961 -0.06540000438690186 -0.31641316413879395 -0.3878262937068939 -0.32310134172439575 -0.19155672192573547 -0.9267747402191162 -1.1359440088272095 3.725290742551124e-09 0.9793002009391785 -0.20241326093673706 -0.24809710681438446
0.9466404318809509 -0.06801790744066238 -0.31503260135650635 -0.3861033618450165 -0.3222917318344116 -0.19978328049182892 -0.925318717956543 -1.1340688467025757 0.0 0.9774764180183411 -0.2110445201396942 -0.25865575671195984
0.9469168782234192 -0.07061615586280823 -0.3136270046234131 -0.38434991240501404 -0.3214786946773529 -0.20800019800662994 -0.9237896800041199 -1.1321042776107788 -7.450581485102248e-09 0.9755763411521912 -0.21966049075126648 -0.26919394731521606
0.9471937417984009 -0.0731944814324379 -0.3121964931488037 -0.38256606459617615 -0.3206619620323181 -0.21620699763298035 -0.922187864780426 -1.1300504207611084 0.0 0.9736001491546631 -0.2282605618238449 -0.2797108292579651
0.9474711418151855 -0.07575254142284393 -0.3107411861419678 -0.38075196743011475 -0.3198414146900177 -0.22440290451049805 -0.920513391494751 -1.127907395362854 0.0 0.9715476632118225 -0.23684406280517578 -0.29020562767982483
0.9477490186691284 -0.07829003781080246 -0.30926114320755005 -0.3789077699184418 -0.3190169036388397 -0.23258739709854126 -0.9187661409378052 -1.1256753206253052 -7.450580596923828e-09 0.9694193601608276 -0.24541029334068298 -0.30067750811576843
0.9480275511741638 -0.08080665022134781 -0.3077564835548401 -0.3770335912704468 -0.31818827986717224 -0.24075976014137268 -0.916946530342102 -1.1233545541763306 0.0 0.9672151207923889 -0.2539585828781128 -0.31112557649612427
0.948306679725647 -0.08330205082893372 -0.30622735619544983 -0.3751295804977417 -0.31735533475875854 -0.24891938269138336 -0.9150545597076416 -1.1209449768066406 0.0 0.9649351835250854 -0.2624882757663727 -0.32154905796051025
0.9485865831375122 -0.0857759416103363 -0.30467379093170166 -0.3731958568096161 -0.31651797890663147 -0.25706565380096436 -0.913090169429779 -1.118446946144104 0.0 0.9625797271728516 -0.27099865674972534 -0.33194708824157715
0.94886714220047 -0.08822799474000931 -0.3030959367752075 -0.3712325692176819 -0.3156760036945343 -0.2651979625225067 -0.9110536575317383 -1.1158605813980103 1.4901162970204496e-08 0.960148811340332 -0.279489129781723 -0.34231889247894287
0.9491483569145203 -0.09065784513950348 -0.3014938533306122 -0.3692398965358734 -0.31482914090156555 -0.2733156979084015 -0.9089450836181641 -1.1131861209869385 0.0 0.9576428532600403 -0.28795886039733887 -0.3526635766029358
0.9494304656982422 -0.09306520223617554 -0.29986771941185 -0.3672179579734802 -0.3139774203300476 -0.2814181447029114 -0.9067645072937012 -1.1104236841201782 0.0 0.9550614953041077 -0.2964073419570923 -0.3629803955554962
0.9497135281562805 -0.09544973075389862 -0.29821765422821045 -0.36516690254211426 -0.3131204843521118 -0.28950485587120056 -0.904512345790863 -1.1075735092163086 0.0 0.9524055123329163 -0.30483388900756836 -0.3732684552669525
0.9499973058700562 -0.09781103581190109 -0.296543687582016 -0.36308687925338745 -0.31225815415382385 -0.2975750267505646 -0.9021884799003601 -1.1046358346939087 -7.450580596923828e-09 0.9496747255325317 -0.313237726688385 -0.3835269808769226
0.9502821564674377 -0.10014884918928146 -0.2948460280895233 -0.36097806692123413 -0.31139039993286133 -0.30562809109687805 -0.8997930288314819 -1.101610779762268 7.450581485102248e-09 0.9468693733215332 -0.32161828875541687 -0.393755167722702
0.9505679607391357 -0.10246273875236511 -0.2931247055530548 -0.35884055495262146 -0.3105168640613556 -0.3136634826660156 -0.8973262906074524 -1.0984985828399658 -7.450581485102248e-09 0.9439897537231445 -0.32997483015060425 -0.40395212173461914
0.9508547782897949 -0.10475240647792816 -0.2913798987865448 -0.35667458176612854 -0.3096374273300171 -0.3216805160045624 -0.894788384437561 -1.0952996015548706 0.0 0.9410358667373657 -0.3383066952228546 -0.41411712765693665
0.9511426687240601 -0.10701745748519897 -0.28961166739463806 -0.35448023676872253 -0.30875179171562195 -0.32967865467071533 -0.8921794891357422 -1.092013955116272 -7.450581485102248e-09 0.9380080699920654 -0.3466132581233978 -0.4242492914199829
0.9514317512512207 -0.10925760865211487 -0.2878202795982361 -0.35225772857666016 -0.30785995721817017 -0.33765730261802673 -0.8894997835159302 -1.0886417627334595 0.0 0.9349066019058228 -0.35489392280578613 -0.43434786796569824
0.9517219066619873 -0.11147238314151764 -0.2860056757926941 -0.35000720620155334 -0.30696144700050354 -0.34561577439308167 -0.8867493867874146 -1.0851836204528809 -7.4505797087454084e-09 0.9317315816879272 -0.3631478250026703 -0.4444119930267334
0.9520134329795837 -0.11366147547960281 -0.2841680943965912 -0.34772881865501404 -0.30605626106262207 -0.3535534739494324 -0.8839284777641296 -1.0816394090652466 -7.450580596923828e-09 0.9284831285476685 -0.3713744580745697 -0.4544408917427063
0.9523062705993652 -0.11582446098327637 -0.28230756521224976 -0.34542274475097656 -0.3051440417766571 -0.3614698052406311 -0.8810372352600098 -1.0780097246170044 0.0 0.9251617193222046 -0.3795730471611023 -0.4644337296485901
0.9526004195213318 -0.11796100437641144 -0.2804243564605713 -0.34308919310569763 -0.3042246401309967 -0.3693642020225525 -0.8780759572982788 -1.0742945671081543 7.450581485102248e-09 0.92176753282547 -0.3877430558204651 -0.4743897616863251
0.9528958797454834 -0.120070680975914 -0.27851852774620056 -0.3407282531261444 -0.3032977879047394 -0.377236008644104 -0.8750447630882263 -1.070494294166565 7.450581485102248e-09 0.9183006286621094 -0.3958837687969208 -0.4843081533908844
0.9531928896903992 -0.12215311080217361 -0.2765901982784271 -0.3383401930332184 -0.3023632764816284 -0.38508471846580505 -0.8719438910484314 -1.066609263420105 0.0 0.9147614240646362 -0.40399453043937683 -0.4941881000995636
0.9534913301467896 -0.12420786917209625 -0.2746395468711853 -0.3359251320362091 -0.30142077803611755 -0.39290961623191833 -0.8687735795974731 -1.0626397132873535 0.0 0.9111500382423401 -0.4120747148990631 -0.504028856754303
0.9537913203239441 -0.12623459100723267 -0.2726666331291199 -0.3334832489490509 -0.30047011375427246 -0.40071025490760803 -0.8655338883399963 -1.0585858821868896 0.0 0.9074667692184448 -0.4201236069202423 -0.5138295888900757
0.9540929198265076 -0.12823279201984406 -0.27067166566848755 -0.3310147225856781 -0.2995109558105469 -0.40848588943481445 -0.8622252941131592 -1.0544482469558716 0.0 0.9037120938301086 -0.4281406104564667 -0.5235894918441772
0.95439612865448 -0.13020215928554535 -0.26865479350090027 -0.3285197615623474 -0.29854312539100647 -0.41623610258102417 -0.8588477373123169 -1.0502268075942993 0.0 0.8998860716819763 -0.4361250698566437 -0.5333078503608704
0.9547011852264404 -0.13214211165905 -0.2666161060333252 -0.3259985148906708 -0.2975662648677826 -0.4239601492881775 -0.8554018139839172 -1.0459222793579102 -7.4505797087454084e-09 0.8959890007972717 -0.4440763592720032 -0.5429838299751282
0.9550080299377441 -0.1340523511171341 -0.2645557224750519 -0.3234511911869049 -0.29658013582229614 -0.4316575825214386 -0.8518872857093811 -1.041534662246704 7.450581485102248e-09 0.8920210599899292 -0.4519937336444855 -0.5526167154312134
0.9553167223930359 -0.13593238592147827 -0.2624739110469818 -0.3208779990673065 -0.29558447003364563 -0.43932780623435974 -0.8483047485351562 -1.0370643138885498 7.450581485102248e-09 0.8879827857017517 -0.4598766565322876 -0.5622056126594543
0.9556272029876709 -0.1377817541360855 -0.2603707015514374 -0.31827908754348755 -0.2945788502693176 -0.44697022438049316 -0.8446543216705322 -1.0325117111206055 7.450580596923828e-09 0.8838742971420288 -0.467724472284317 -0.5717498660087585
0.955939769744873 -0.13959994912147522 -0.2582463026046753 -0.3156546652317047 -0.2935631275177002 -0.45458415150642395 -0.8409364223480225 -1.0278772115707397 0.0 0.8796960115432739 -0.4755364656448364 -0.5812485814094543
0.9562543034553528 -0.14138659834861755 -0.2561008334159851 -0.3130049407482147 -0.2925368845462799 -0.46216925978660583 -0.8371509313583374 -1.0231609344482422 -1.4901162970204496e-08 0.8754481077194214 -0.48331207036972046 -0.590701162815094
0.9565709233283997 -0.14314115047454834 -0.25393450260162354 -0.3103300929069519 -0.2914997935295105 -0.46972471475601196 -0.8332985639572144 -1.0183634757995605 7.450581485102248e-09 0.8711310029029846 -0.4910506010055542 -0.6001066565513611
0.9568897485733032 -0.14486315846443176 -0.2517474293708801 -0.307630330324173 -0.2904515564441681 -0.47725018858909607 -0.8293793797492981 -1.013485074043274 7.450581485102248e-09 0.8667449355125427 -0.49875155091285706 -0.6094644665718079
0.9572107791900635 -0.14655204117298126 -0.24953971803188324 -0.30490583181381226 -0.28939172625541687 -0.4847450256347656 -0.8253936767578125 -1.0085262060165405 -7.450580596923828e-09 0.8622903823852539 -0.5064141154289246 -0.6187736988067627
0.95753413438797 -0.148207426071167 -0.24731160700321198 -0.30215683579444885 -0.2883200943470001 -0.4922087490558624 -0.8213416934013367 -1.0034871101379395 7.450580596923828e-09 0.8577675223350525 -0.5140377879142761 -0.6280337572097778
0.9578598737716675 -0.14982870221138 -0.24506324529647827 -0.2993835508823395 -0.2872362434864044 -0.49964067339897156 -0.8172236680984497 -0.9983681440353394 0.0 0.8531767725944519 -0.5216218829154968 -0.6372436881065369
0.958187997341156 -0.15141531825065613 -0.24279478192329407 -0.29658615589141846 -0.28613969683647156 -0.50704026222229 -0.8130401372909546 -0.9931698441505432 0.0 0.8485183715820312 -0.5291658639907837 -0.6464029550552368
0.9585185647010803 -0.15296678245067596 -0.2405063658952713 -0.2937648594379425 -0.2850300669670105 -0.5144071578979492 -0.8087912201881409 -0.9878925085067749 -7.4505797087454084e-09 0.8437929153442383 -0.5366689562797546 -0.655510663986206
0.9588518738746643 -0.15448251366615295 -0.2381981760263443 -0.2909198999404907 -0.28390705585479736 -0.5217406153678894 -0.8044772148132324 -0.9825365543365479 -7.450580596923828e-09 0.8390005230903625 -0.5441306829452515 -0.6645660996437073
0.9591877460479736 -0.15596196055412292 -0.2358703762292862 -0.28805145621299744 -0.28277015686035156 -0.5290402173995972 -0.8000984191894531 -0.9771023988723755 0.0 0.8341416120529175 -0.5515503287315369 -0.6735685467720032
0.9595263600349426 -0.15740454196929932 -0.2335231602191925 -0.28515976667404175 -0.28161898255348206 -0.5363054871559143 -0.7956552505493164 -0.9715903997421265 0.0 0.8292165994644165 -0.5589273571968079 -0.6825172901153564
0.9598678350448608 -0.158809632062912 -0.23115667700767517 -0.28224506974220276 -0.28045302629470825 -0.5435357689857483 -0.7911479473114014 -0.9660010933876038 -1.4901161193847656e-08 0.824225902557373 -0.5662611126899719 -0.6914116144180298
0.9602121114730835 -0.16017666459083557 -0.22877109050750732 -0.2793075442314148 -0.27927184104919434 -0.5507306456565857 -0.7865768074989319 -0.9603347778320312 0.0 0.819169819355011 -0.5735509991645813 -0.7002506852149963
0.9605594873428345 -0.16150489449501038 -0.2263665646314621 -0.27634739875793457 -0.2780749201774597 -0.557889461517334 -0.7819423079490662 -0.9545919895172119 -1.4901162970204496e-08 0.8140487670898438 -0.5807964205741882 -0.7090339064598083
0.9609098434448242 -0.1627938151359558 -0.22394335269927979 -0.27336493134498596 -0.2768618166446686 -0.565011739730835 -0.7772446274757385 -0.9487730860710144 0.0 0.8088632822036743 -0.5879967212677002 -0.717760443687439
0.9612632989883423 -0.16404271125793457 -0.22150154411792755 -0.2703602910041809 -0.2756319046020508 -0.5720971822738647 -0.7724842429161072 -0.9428786039352417 0.0 0.8036136627197266 -0.5951513648033142 -0.7264297008514404
0.9616199731826782 -0.16525088250637054 -0.2190413773059845 -0.2673337459564209 -0.2743847072124481 -0.579145073890686 -0.767661452293396 -0.9369089007377625 0.0 0.7983002066612244 -0.6022598147392273 -0.7350409030914307
0.9619801044464111 -0.16641761362552643 -0.21656297147274017 -0.26428550481796265 -0.27311962842941284 -0.5861549973487854 -0.7627765536308289 -0.9308645129203796 0.0 0.7929234504699707 -0.6093212366104126 -0.7435933351516724
0.9623435735702515 -0.1675422489643097 -0.21406659483909607 -0.26121583580970764 -0.27183619141578674 -0.5931263566017151 -0.7578299641609192 -0.9247458577156067 0.0 0.7874838709831238 -0.6163353323936462 -0.7520862817764282
0.9627105593681335 -0.16862395405769348 -0.21155236661434174 -0.2581249475479126 -0.27053365111351013 -0.6000586748123169 -0.7528220415115356 -0.9185534119606018 0.0 0.7819817662239075 -0.6233013272285461 -0.7605191469192505
0.9630811214447021 -0.16966210305690765 -0.20902051031589508 -0.2550130784511566 -0.26921144127845764 -0.6069517731666565 -0.7477531433105469 -0.9122876524925232 0.0 0.77641761302948 -0.6302187442779541 -0.7688911557197571
0.9634554386138916 -0.170655757188797 -0.20647118985652924 -0.2518804669380188 -0.26786890625953674 -0.6138047575950623 -0.7426236867904663 -0.9059491157531738 0.0 0.7707920074462891 -0.6370868682861328 -0.7772015929222107
0.9638334512710571 -0.1716042160987854 -0.2039046436548233 -0.24872735142707825 -0.26650533080101013 -0.6206175088882446 -0.7374340295791626 -0.8995382189750671 0.0 0.7651052474975586 -0.6439052820205688 -0.7854498028755188
0.9642153978347778 -0.17250655591487885 -0.20132099092006683 -0.24555400013923645 -0.2651200592517853 -0.6273892521858215 -0.7321844696998596 -0.8930554986000061 0.0 0.7593578100204468 -0.6506732702255249 -0.7936351895332336
0.964601457118988 -0.17336198687553406 -0.1987205147743225 -0.24236063659191132 -0.26371240615844727 -0.6341196894645691 -0.7268755435943604 -0.8865014314651489 0.0 0.753550112247467 -0.6573904156684875 -0.8017569780349731
0.9649914503097534 -0.17416958510875702 -0.19610336422920227 -0.23914752900600433 -0.26228147745132446 -0.6408083438873291 -0.7215075492858887 -0.8798765540122986 0.0 0.7476828098297119 -0.6640560030937195 -0.8098145127296448
0.9653856754302979 -0.17492841184139252 -0.19346974790096283 -0.2359149158000946 -0.2608265280723572 -0.6474547386169434 -0.7160809636116028 -0.8731814026832581 0.0 0.74175626039505 -0.6706694960594177 -0.817807137966156
0.9657843112945557 -0.17563751339912415 -0.1908198595046997 -0.23266305029392242 -0.25934678316116333 -0.6540583968162537 -0.7105961441993713 -0.8664164543151855 1.4901159417490817e-08 0.7357711791992188 -0.6772304177284241 -0.8257342576980591
0.9661873579025269 -0.1762959212064743 -0.18815389275550842 -0.2293921858072281 -0.2578413188457489 -0.6606190204620361 -0.7050533890724182 -0.859582245349884 -7.450581485102248e-09 0.7297275066375732 -0.6837380528450012 -0.8335951566696167
0.9665948152542114 -0.1769026219844818 -0.18547210097312927 -0.22610260546207428 -0.25630927085876465 -0.6671360731124878 -0.6994533538818359 -0.8526793122291565 0.0 0.7236262559890747 -0.6901920437812805 -0.8413891792297363
0.9670071005821228 -0.17745651304721832 -0.1827746480703354 -0.2227945178747177 -0.2547496557235718 -0.67360919713974 -0.6937963366508484 -0.8457081913948059 -7.450580596923828e-09 0.7174676656723022 -0.6965917944908142 -0.8491157293319702
0.9674240350723267 -0.17795652151107788 -0.18006175756454468 -0.21946823596954346 -0.25316154956817627 -0.6800378561019897 -0.688082754611969 -0.83866947889328 7.450580596923828e-09 0.7112524509429932 -0.7029366493225098 -0.8567741513252258
0.9678459763526917 -0.17840144038200378 -0.17733363807201385 -0.21612396836280823 -0.2515438199043274 -0.6864215731620789 -0.682313084602356 -0.8315636515617371 0.0 0.7049810886383057 -0.7092261910438538 -0.8643637895584106
0.9682729244232178 -0.1787901520729065 -0.17459045350551605 -0.2127619981765747 -0.24989548325538635 -0.6927602291107178 -0.6764876246452332 -0.8243913054466248 7.450581485102248e-09 0.6986539363861084 -0.7154597640037537 -0.8718841075897217
0.9687049388885498 -0.17912136018276215 -0.17183248698711395 -0.2093825787305832 -0.24821537733078003 -0.699053168296814 -0.6706070303916931 -0.8171529769897461 0.0 0.6922717690467834 -0.7216370105743408 -0.8793343901634216
0.9691423177719116 -0.17939379811286926 -0.1690598875284195 -0.20598599314689636 -0.2465023398399353 -0.7053000926971436 -0.6646715402603149 -0.8098492622375488 0.0 0.6858349442481995 -0.7277570962905884 -0.8867140412330627
0.9695850014686584 -0.17960615456104279 -0.16627289354801178 -0.20257246494293213 -0.2447550743818283 -0.7115007638931274 -0.6586817502975464 -0.8024806976318359 7.450580596923828e-09 0.679344117641449 -0.7338199019432068 -0.8940224647521973
0.9700332880020142 -0.17975692451000214 -0.16347171366214752 -0.19914227724075317 -0.24297232925891876 -0.7176545262336731 -0.6526380777359009 -0.7950478792190552 0.0 0.6727997660636902 -0.739824652671814 -0.9012591242790222
0.9704872369766235 -0.1798446923494339 -0.16065655648708344 -0.195695698261261 -0.24115274846553802 -0.7237610816955566 -0.6465409994125366 -0.7875514030456543 0.0 0.6662025451660156 -0.7457708716392517 -0.9084233045578003
0.9709469676017761 -0.17986789345741272 -0.15782764554023743 -0.19223299622535706 -0.2392948567867279 -0.7298200726509094 -0.6403909921646118 -0.7799918055534363 0.0 0.6595529317855835 -0.7516581416130066 -0.9155144691467285
0.9714126586914062 -0.1798250377178192 -0.15498515963554382 -0.18875442445278168 -0.2373971939086914 -0.7358313798904419 -0.6341883540153503 -0.7723697423934937 0.0 0.6528515815734863 -0.7574857473373413 -0.9225320816040039
0.9718844890594482 -0.17971427738666534 -0.1521293967962265 -0.18526026606559753 -0.23545822501182556 -0.7417940497398376 -0.6279338598251343 -0.7646858096122742 -7.450580596923828e-09 0.6460992693901062 -0.7632534503936768 -0.9294754266738892
0.9723625183105469 -0.17953403294086456 -0.1492604911327362 -0.18175077438354492 -0.23347625136375427 -0.7477083802223206 -0.621627688407898 -0.7569405436515808 7.450580596923828e-09 0.6392962336540222 -0.7689605355262756 -0.9363440871238708
0.9728469848632812 -0.17928236722946167 -0.14637871086597443 -0.17822624742984772 -0.23144957423210144 -0.7535737156867981 -0.6152704954147339 -0.7491346001625061 0.0 0.6324433088302612 -0.7746065855026245 -0.9431373476982117
0.9733378887176514 -0.17895734310150146 -0.14348427951335907 -0.1746869534254074 -0.22937625646591187 -0.7593896389007568 -0.6088628768920898 -0.7412686347961426 7.450580596923828e-09 0.6255411505699158 -0.78019118309021 -0.9498547315597534
0.9738354086875916 -0.17855696380138397 -0.14057742059230804 -0.17113317549228668 -0.2272544801235199 -0.7651557922363281 -0.6024051308631897 -0.7333431839942932 0.0 0.6185902953147888 -0.7857137322425842 -0.9564955830574036
0.9743398427963257 -0.17807917296886444 -0.13765835762023926 -0.16756516695022583 -0.22508226335048676 -0.7708721160888672 -0.5958977937698364 -0.7253589034080505 0.0 0.6115913987159729 -0.7911738753318787 -0.9630594849586487
0.974851131439209 -0.1775217056274414 -0.13472729921340942 -0.16398324072360992 -0.22285737097263336 -0.776538074016571 -0.5893413424491882 -0.7173164486885071 7.450581485102248e-09 0.6045449376106262 -0.7965709567070007 -0.969545841217041
0.9753695130348206 -0.17688216269016266 -0.13178451359272003 -0.16038766503334045 -0.22057759761810303 -0.7821531891822815 -0.5827364325523376 -0.7092164158821106 7.450581485102248e-09 0.5974519848823547 -0.8019047379493713 -0.9759540557861328
0.9758950471878052 -0.17615817487239838 -0.1288301944732666 -0.1567787379026413 -0.21824049949645996 -0.7877175807952881 -0.5760834217071533 -0.7010594606399536 -7.450580596923828e-09 0.5903128981590271 -0.8071745038032532 -0.9822836518287659
0.9764279723167419 -0.17534710466861725 -0.12586462497711182 -0.15315672755241394 -0.21584373712539673 -0.793230414390564 -0.569382905960083 -0.6928462386131287 -7.450581485102248e-09 0.5831284523010254 -0.8123799562454224 -0.9885340332984924
0.9769682884216309 -0.1744462102651596 -0.12288796901702881 -0.14952191710472107 -0.2133844792842865 -0.7986916899681091 -0.5626353621482849 -0.6845773458480835 7.450580596923828e-09 0.5758993625640869 -0.8175206184387207 -0.9947047829627991
0.9775163531303406 -0.17345258593559265 -0.11990050226449966 -0.14587460458278656 -0.2108599990606308 -0.8041009902954102 -0.555841326713562 -0.6762534976005554 0.0 0.5686260461807251 -0.82259601354599 -1.0007953643798828
0.9780720472335815 -0.17236322164535522 -0.11690247803926468 -0.1422150880098343 -0.20826733112335205 -0.8094579577445984 -0.5490013360977173 -0.6678752899169922 0.0 0.5613097548484802 -0.8276057243347168 -1.006805181503296
0.9786354899406433 -0.17117486894130707 -0.11389413475990295 -0.13854365050792694 -0.20560327172279358 -0.81476229429245 -0.5421160459518433 -0.6594434380531311 0.0 0.5539510846138 -0.8325493335723877 -1.0127336978912354
0.9792068004608154 -0.1698840856552124 -0.11087563633918762 -0.134860560297966 -0.20286449790000916 -0.8200136423110962 -0.535185694694519 -0.6509585976600647 0.0 0.5465500950813293 -0.8374263048171997 -1.018580675125122
0.979786217212677 -0.16848723590373993 -0.10784731060266495 -0.13116613030433655 -0.20004746317863464 -0.8252114653587341 -0.5282111763954163 -0.6424213647842407 7.450580596923828e-09 0.5391085147857666 -0.842236340045929 -1.0243452787399292
0.980373740196228 -0.1669805496931076 -0.10480935126543045 -0.12746065855026245 -0.19714845716953278 -0.8303557634353638 -0.521192729473114 -0.6338324546813965 0.0 0.5316267013549805 -0.8469789028167725 -1.0300272703170776
0.980969250202179 -0.16535986959934235 -0.10176198929548264 -0.1237444058060646 -0.19416329264640808 -0.8354459404945374 -0.5141310691833496 -0.6251925826072693 7.4505797087454084e-09 0.5241053104400635 -0.8516535758972168 -1.0356260538101196
0.9815729856491089 -0.16362088918685913 -0.0987054854631424 -0.12001769244670868 -0.19108787178993225 -0.8404816389083862 -0.5070266723632812 -0.6165024042129517 7.450581485102248e-09 0.5165450572967529 -0.8562599420547485 -1.041141152381897
0.9821848273277283 -0.16175894439220428 -0.09564008563756943 -0.11628079414367676 -0.18791750073432922 -0.8454623818397522 -0.49988022446632385 -0.6077626347541809 7.450580596923828e-09 0.5089473128318787 -0.8607977628707886 -1.0465720891952515
0.9828048348426819 -0.159769207239151 -0.09256601333618164 -0.11253401637077332 -0.18464741110801697 -0.8503880500793457 -0.49269214272499084 -0.5989738702774048 0.0 0.501312255859375 -0.8652664422988892 -1.0519185066223145
0.9834330081939697 -0.1576463282108307 -0.08948352187871933 -0.10877764225006104 -0.18127237260341644 -0.8552577495574951 -0.48546311259269714 -0.5901369452476501 0.0 0.4936412572860718 -0.8696656227111816 -1.0571798086166382
0.9840690493583679 -0.15538476407527924 -0.0863928571343422 -0.10501197725534439 -0.17778682708740234 -0.8600713014602661 -0.4781937003135681 -0.5812525153160095 0.0 0.48593512177467346 -0.8739949464797974 -1.062355637550354
0.9847129583358765 -0.1529785394668579 -0.08329425007104874 -0.10123731940984726 -0.1741848587989807 -0.8648280501365662 -0.4708843529224396 -0.5723212361335754 0.0 0.4781945049762726 -0.8782539367675781 -1.0674455165863037
0.985364556312561 -0.15042124688625336 -0.08018796145915985 -0.09745395928621292 -0.17046013474464417 -0.8695273995399475 -0.46353578567504883 -0.56334388256073 0.0 0.47042056918144226 -0.8824422955513 -1.072448968887329
