-0.05740696214532123 -0.9363056757509629 0.34646229557309477 -640.6258628620693 -0.4144622501435634 0.3380674552439236 0.8449446365951038 -1560.200935380838 -0.9082540855416947 -0.09508983784522179 -0.4074707827996866 752.0351297667241
-0.05439077340528098 -0.9362977988966569 0.3469698481851854 -641.5448879311432 -0.40700397485593487 0.3380963203174088 0.8485509075119171 -1566.7799821260471 -0.9118055758876696 -0.09506476723320456 -0.3994662461473455 737.2395233467907
-0.051344199724377926 -0.9362986279420612 0.3474315075931897 -642.4143447564267 -0.3995705232624926 0.33809139851812353 0.8520784020193196 -1573.2370236530862 -0.9152634430011947 -0.09507410563277885 -0.39147636498737215 722.3864973411958
-0.048282580632109384 -0.9362891542270152 0.3478956913851685 -643.2341525103228 -0.3920157178839961 0.33811837673453043 0.8555697752061495 -1579.571546044639 -0.9186906276540534 -0.09507146254931936 -0.3833652927291857 707.4771995044758
-0.04528474816819028 -0.9362748881572083 0.34833694232675266 -644.0042310940189 -0.38446792108539013 0.338170584995672 0.8589674458906829 -1585.7830460794105 -0.9220269568942233 -0.09502625558177502 -0.37528162959367656 692.512781603935
-0.04217279239203531 -0.9362624684467388 0.3487607285229768 -644.724513082143 -0.37695138329231437 0.33818402070286174 0.8622872043439221 -1591.871023335762 -0.9252724518842377 -0.09510077980366671 -0.3671875971010806 677.494399768757
-0.039151167793212927 -0.9362502263893226 0.349145671097853 -645.3949256055544 -0.36930710827334506 0.338231092227923 0.8655703252937258 -1597.8349920365886 -0.9284823346942082 -0.09505388911690399 -0.3590060059728025 662.4232136402794
-0.03605920983096034 -0.9362523415584509 0.3494728692083038 -646.0153993101676 -0.3616999921585512 0.33821880808757054 0.8687814187287425 -1603.6744746770883 -0.9315969348698345 -0.09507676257709097 -0.35083836756972386 647.300386813966
-0.033018685340859055 -0.9362395821092147 0.3498073917319703 -646.5858774637677 -0.3540380681676435 0.33826006870533504 0.8719158056874441 -1609.3889963181796 -0.9346479619121224 -0.0950556195678337 -0.34263335576398696 632.1270873996482
-0.029956031705527464 -0.9362281532630943 0.35011352616263475 -647.1062976980503 -0.34637679391027454 0.33829035770435045 0.8749758571096133 -1614.9780965087557 -0.937617060854215 -0.09506039617968776 -0.33442154277687364 616.9044873236471
-0.02687042144919316 -0.9362190264658694 0.3503882345833585 -647.5766012628208 -0.33868596653005023 0.3383100922582713 0.8779738592645033 -1620.4413235722054 -0.9405157077512043 -0.09508005027081085 -0.3261747806219108 601.633762891278
-0.023829848226560535 -0.936222806855621 0.3505980522719445 -647.996742119192 -0.3309076404822667 0.3383156373683566 0.8809328368170308 -1625.7782289060012 -0.9433622166506128 -0.09502307843584429 -0.31786529027343813 586.3160952718985
-0.0207451994627606 -0.9362118870632411 0.35082323073128446 -648.3666659136675 -0.32314883189916127 0.33834291277993206 0.883798000571284 -1630.9883809170235 -0.9461207476540496 -0.09503355140726416 -0.3095547689270271 570.952669609534
-0.01766173947095706 -0.9361982447820459 0.351028359859822 -648.6863341328568 -0.3153906161335415 0.33837535440230115 0.8865838250205236 -1636.0713494063468 -0.9487975665091923 -0.09505243815985875 -0.301244438597796 555.5446761194679
-0.014545585734131838 -0.9361893395912393 0.3511950261199189 -648.9557001699757 -0.3075993311380968 0.33838893493977207 0.8893118576707061 -1641.0267217703763 -0.9514047915682611 -0.09509179326338402 -0.29289327994152997 540.09330880463
-0.011490587639795491 -0.9361816017776655 0.3513288699903512 -649.1747332759832 -0.2997803871706042 0.33841582667418674 0.8919677391723702 -1645.854087033833 -0.9539390367646848 -0.09507227119108796 -0.2845374797579987 524.5997664477796
-0.008418627269910883 -0.9361696956902666 0.3514476171296143 -649.3433945558495 -0.29188412366773897 0.33845475149598736 0.8945680742908868 -1650.553051917756 -0.9564166378025878 -0.09505094455597551 -0.27610239563142236 509.06525127874676
-0.0053539621820964944 -0.9361477178449005 0.35156618930542405 -649.4616580924867 -0.28400613288772025 0.3385174750273329 0.8970766051922663 -1655.1232272407183 -0.9588075153914446 -0.0950440396600628 -0.2676841029160699 493.4909697979266
-0.0021969817684234783 -0.9361049453053925 0.35171395287349294 -649.5295018439713 -0.276291421405999 0.33859207560941723 0.8994545329209029 -1659.564233714967 -0.9610713936688378 -0.09519946275738678 -0.2593816465406585 477.87813216011193
0.0009584349023469274 -0.9361467119052888 0.3516083263966509 -649.5468986683222 -0.2683162072125056 0.3384745641058301 0.9019098527017342 -1663.8757082008517 -0.963330418054799 -0.09520663444468613 -0.2508589292970895 462.2279514862145
0.004016085556474036 -0.9361302273767507 0.35163058520037255 -649.5138343573619 -0.2603824919571093 0.3385248743245614 0.9042133970173999 -1668.0572917486581 -0.9654971926106306 -0.09518984638654143 -0.2423923765424516 446.54164461621315
0.007131442160410506 -0.9361321079459208 0.35157619231887616 -649.4302956629818 -0.2523666067175264 0.3385194511753668 0.9064853429536571 -1672.108637407447 -0.9676054145913994 -0.09519063845071712 -0.23383435163540603 430.82043130754533
0.010191732746852533 -0.9361185962096397 0.351536772492026 -649.2962732587584 -0.24435451192942786 0.3385653075658554 0.9086607755441901 -1676.029408432155 -0.9696324051326605 -0.09516042424942944 -0.22529423555280081 415.0655342606394
0.013259622878891042 -0.9361156107499587 0.35144237893478547 -649.1117647478708 -0.23629697663826765 0.33858452784622295 0.9107822222324963 -1679.8192759528815 -0.9715904081621656 -0.0951214003964514 -0.21671178545223216 399.278179151697
0.01635025918108879 -0.9360878308042604 0.3513861722448475 -648.8767626220434 -0.22826591261795048 0.33865777968484123 0.9128009538752835 -1683.4779272689127 -0.9734615257735695 -0.09513401746540456 -0.2081398005175531 383.4595939528657
0.019398297762719785 -0.9360916108286121 0.351221016142546 -648.5912722739284 -0.22017387260820603 0.33866391941637397 0.9147842453312393 -1687.005053524614 -0.9752677436809924 -0.09507494844507391 -0.1995334115218604 367.6110097569858
0.022494322750603923 -0.9360656014941243 0.35110567517976016 -648.2552999058631 -0.21216504242281775 0.3387254517644341 0.9166520949088068 -1690.4003576786472 -0.9769749230239821 -0.09511181854230161 -0.19098099841570834 351.7336601583427
0.025510726081043156 -0.9360598926474311 0.350914633823809 -647.8688555236163 -0.20402814267341898 0.3387648556348486 0.9184829283029355 -1693.6635524861574 -0.9786325765332224 -0.09502762737004522 -0.1823404238899508 335.82878132998934
0.028683939043260054 -0.9360455934050853 0.35070768270439123 -647.4319529425898 -0.19600332800631437 0.33877407184371106 0.9202254200232031 -1696.794360375139 -0.9801836190487023 -0.0951355628214472 -0.17375067664684007 319.8976120596807
0.03172201684548909 -0.9360430017736865 0.350452867698013 -646.944609713277 -0.18784775676958887 0.3387977220199536 0.9219161153981003 -1699.7925135869973 -0.9816857612922211 -0.09507682359332759 -0.1650862310779289 303.9413936724706
0.034850799423796985 -0.9360395453324821 0.3501648059889552 -646.4068472567944 -0.17974767888315538 0.3387931549744788 0.9235312501905698 -1702.6577543870542 -0.9830952109107441 -0.09512711346508512 -0.15644372332618695 287.961370017225
0.03788187396726417 -0.9360275128845634 0.34988206405568556 -645.8186908299223 -0.17156446788581342 0.3388422430154524 0.9250684124470551 -1705.3898350728286 -0.984444308726393 -0.09507065515392016 -0.14775308302982496 271.95878741236027
0.04098472196776726 -0.9360138290907448 0.34956882629334546 -645.1801665979019 -0.16343695310920472 0.33887012777806297 0.9265286821561753 -1707.988520280537 -0.9857020923806565 -0.09510598430467787 -0.13909075032450569 255.9348944672554
0.04402296552384394 -0.9359969009301975 0.3492445847190085 -644.491313716641 -0.15520598603994712 0.3389312785149442 0.9279206271775583 -1710.4535790121122 -0.986900744960634 -0.09505466791952694 -0.1303515619501903 239.89094261897995
0.04716373516448741 -0.9359921398588652 0.3488470957421841 -643.7521662242503 -0.14709294529429828 0.33892059140339603 0.9292451227568649 -1712.784796708391 -0.9879975949009101 -0.09513961764267631 -0.1216930796094119 223.8281850775145
0.05025752747597467 -0.9359811789651824 0.34844427611161716 -642.9627650796338 -0.13892697938419785 0.3389415991757148 0.9304933566379674 -1714.9819671936696 -0.9890265291341706 -0.09517260620134504 -0.11299867122076865 207.74787727891874
0.05325357802241343 -0.9359855928035559 0.34798710678987277 -642.1231551300755 -0.1306293535448329 0.33895733910646064 0.9316887324951004 -1717.044894852054 -0.9900000143536715 -0.09507308941042913 -0.1042165018108302 191.65127652425372
0.056344797026607996 -0.9359594557814357 0.3475703683879697 -641.233382066957 -0.12239615040790722 0.3390223181717382 0.9327824237981682 -1718.973396500724 -0.9908806417593167 -0.09509871142544074 -0.09545569062065067 175.53964167265215
0.05939762152822048 -0.9359547185704589 0.3470744694478173 -640.2935044974101 -0.11419584707145641 0.3390347572313972 0.9338172957815036 -1720.7672933526985 -0.9916810127598605 -0.09510098934680572 -0.08674428371273761 159.41423347451644
0.062431385600705436 -0.935968049967806 0.346505601010198 -639.3035757787914 -0.10587915240349363 0.33901256573627303 0.9348048381128687 -1722.4264229499545 -0.992417214269429 -0.09504888064765249 -0.07793447959237623 143.2763133782983
0.06548885798423665 -0.9359379065312405 0.34602231806321304 -638.263653097127 -0.09764799779120831 0.3390914060246999 0.9356718906152734 -1723.9506328724688 -0.9930639848505679 -0.09506447011429126 -0.06918575369684427 127.12714403085471
0.0685166318961522 -0.935946730801406 0.345411621483365 -637.1738066447415 -0.08935818393632401 0.3390762764007263 0.9365054157589375 -1725.3397752212716 -0.9936400686955057 -0.0950315520465626 -0.06040213571068673 110.96798978334294
0.07152602104974148 -0.9359187485796279 0.34487696990366673 -636.0341013729869 -0.08100275830831605 0.3391700742238237 0.9372311421935625 -1726.593717780685 -0.9941441452119688 -0.09497240024422132 -0.05155251431904137 94.80011584819965
0.07459209590879318 -0.9358837353314751 0.3443220195833244 -634.8446061972846 -0.07295086702267303 0.3392376252550752 0.9378677969799036 -1727.7123387400768 -0.994542201331132 -0.09507611452569481 -0.04296908444595133 78.62478876341885
0.0776620333936725 -0.9358969235401267 0.3436066895118412 -633.6054030098552 -0.06464780426963458 0.33919492940656726 0.9384921210473686 -1728.69552032532 -0.9948815356474735 -0.09509862445377776 -0.034161113195038284 62.44327690103453
0.08063778836032509 -0.9359070964432726 0.34289277320392586 -632.3165655999642 -0.05631344169882148 0.33918582301126415 0.9390323603328085 -1729.5431630431858 -0.9951514173091395 -0.09503096492877988 -0.0253529551002668 46.256849224282
0.08369027792308698 -0.935889684380297 0.34220817648283164 -630.9781837661112 -0.04800480646573374 0.33922772825594627 0.9394786250567373 -1730.2551700182798 -0.995334856185266 -0.09505286451684769 -0.016537140314995348 30.0667763606793
0.08669653401076016 -0.9358869173785613 0.34146652671993283 -629.5903389518293 -0.03972991452233089 0.3392363897263609 0.9398618014248011 -1730.8314624679745 -0.9954422358341891 -0.09504919655145994 -0.00777208803041899 13.874329120784164
0.08972991231155797 -0.9358739190014638 0.34071769923119893 -628.1531286034223 -0.031446029458151656 0.33926497514072435 0.9401651045822116 -1731.2719646509458 -0.9954695826934526 -0.09507515119948645 0.0010126976437244278 -2.3192204812991797
0.09271805895735241 -0.9358414139066702 0.34000619047356484 -626.666641676221 -0.02315159348345741 0.33935854610983196 0.9403721502157527 -1731.5766191304235 -0.9954232091238169 -0.09506116556925914 0.009798445706141464 -18.512600705323692
0.09571955228843648 -0.9358441572079087 0.3391658602063597 -625.1309799749579 -0.014831879222046568 0.33935164678008556 0.9405426493181407 -1731.7453730106195 -0.9952978361618414 -0.09505878837573456 0.01860226018776801 -34.70453897904654
0.09870756620539017 -0.9358430043258447 0.3383115245275941 -623.5462490157566 -0.0064837294780442645 0.3393597397960537 0.9406343222834312 -1731.7781839080956 -0.995095361071422 -0.09504124504619593 0.02742962110939425 -50.8937623738959
0.1016689405679449 -0.9358316272795854 0.3374649491532933 -621.9125489226403 0.0017752511642040864 0.339392833761895 0.9406430528496844 -1731.6750252678517 -0.9948167042260072 -0.09503509759196233 0.036167046030751555 -67.07899805563598
0.10468588007926488 -0.935817340380511 0.33658100355661286 -620.2299928757728 0.010074396118931864 0.33942114801919127 0.9405805605157769 -1731.4358752046694 -0.9944543091841216 -0.09507465340710536 0.04496039617986207 -83.25897239365301
0.10762311495082583 -0.9358274300147855 0.33562521711010274 -618.4986978515497 0.018422895176277695 0.3394052668651504 0.9404598140045753 -1731.0607215525674 -0.9940210571520132 -0.09503202647591169 0.05376850269699138 -99.43241137693511
0.11059166663172221 -0.9358084913194109 0.33471174291635786 -616.7187757386304 0.026732028327920015 0.3394565410116179 0.940241806891133 -1730.5495681412713 -0.9935063572685849 -0.0950353846675846 0.0625571237189731 -115.59804107144413
0.11355623970249945 -0.9357958421919738 0.333753085619958 -614.8903515244184 0.03505273501282562 0.33949041818332 0.9399561488334631 -1729.9024230882821 -0.9929130305282277 -0.09503892727682184 0.07135345898638608 -131.75458670602495
0.11652674679819963 -0.9357663101881197 0.33281065186910785 -613.0135510775704 0.043351054457636616 0.3395662458148786 0.9395825939110412 -1729.1193068125096 -0.9922410006435127 -0.09505881032340824 0.08013500621987218 -147.90077334167367
0.11946146715529732 -0.9357738744981879 0.33174721351015635 -611.0885073638241 0.05163843047373975 0.3395439700845085 0.9391716376027649 -1728.2002483064116 -0.9914950480780591 -0.09506391631896849 0.08888431498744642 -164.03532553784004
0.12235250605167658 -0.9357823880423282 0.3306677887134931 -609.1153482665087 0.05994886377816236 0.33953083886909396 0.9386825571984154 -1727.1452928646459 -0.9906745166776936 -0.09502700503881106 0.09764153992421473 -180.15696799118996
0.12531319949087655 -0.9357764436401426 0.3295740426088906 -607.0942150158248 0.06824271164525159 0.33953600816813573 0.9381141889261407 -1725.9544908031523 -0.9897674142649187 -0.09506706414660482 0.1064082655336629 -196.26442458944896
0.12818904349713733 -0.9357654843855475 0.32849737801080026 -605.0252500743101 0.07654411526655203 0.3395773259753328 0.9374583927308471 -1724.6279054747756 -0.9887914681798936 -0.09502735351531211 0.11515743370936178 -212.35641924207067
0.13112471773084272 -0.9357404330724027 0.32740823189632706 -602.9086003196823 0.08485695678677223 0.3396416448769392 0.9367191948231737 -1723.16561129604 -0.987727495458588 -0.09504417382859076 0.12393950030698803 -228.43167557402626
0.1339878572969851 -0.9357511044982321 0.3262163768533111 -600.7444171266251 0.09319128866767207 0.3396237152012418 0.9359332859714757 -1721.5676940432957 -0.9865914239508782 -0.09500317101678557 0.13270930518744348 -244.48891795027092
0.13687398052635208 -0.935747222239787 0.3250271519817915 -598.5328565448951 0.1014799707062507 0.3396345748700654 0.9350669340203879 -1719.834251066645 -0.985376744702416 -0.09500258745609408 0.14144673688819026 -260.5268707880828
0.13969379759133982 -0.9357453015517266 0.3238307791708155 -596.2740792992495 0.10968433028966583 0.33964793562679063 0.9341352297785193 -1717.9653915121798 -0.9841011079169747 -0.09497373557108857 0.15008330669416803 -276.5442597663817
0.14250803173169585 -0.9357509772872723 0.3225857551068749 -593.9682508355654 0.11799012575562333 0.3396485821461939 0.933122270053744 -1715.9612364553202 -0.9827358704739184 -0.09491548425833801 0.1588120264081881 -292.5398122296827
0.14542020722613108 -0.9357251345357964 0.32135873401585807 -591.6155411983502 0.1262595690968505 0.339707437093428 0.9320179066921903 -1713.8219187079987 -0.9812805330494367 -0.09495962184729168 0.16754457817796625 -308.51225767369294
0.14827383845366077 -0.9357053759269802 0.3201098534746565 -589.2161250021041 0.134431136765227 0.3397536204733276 0.9308575330539441 -1711.5475827227115 -0.9797668795679033 -0.09498908798706551 0.1761645107993068 -324.4603282638018
0.15111380307298822 -0.9357043431042402 0.318782058492444 -586.770181254144 0.14270205376735412 0.33975670694144783 0.9296243886317108 -1709.1383839844157 -0.978161920323725 -0.09498822234448279 0.184868859585485 -340.3827592263727
0.15389301959895751 -0.935691290285009 0.317488185297485 -584.277893126577 0.1509413526643834 0.3398068605101052 0.9283038325926013 -1706.5944887292553 -0.9764904743900787 -0.09493738375919775 0.19352841287624287 -356.27828893110654
0.1567632445644021 -0.9356578172079689 0.316179908044867 -581.7394476699337 0.15914271321283557 0.3398852108273176 0.9269043317905722 -1703.916073466765 -0.9747301585489693 -0.09498680202264415 0.20218463209802143 -372.14565882961307
0.15948980106748395 -0.9356979162238921 0.31469415776229587 -579.1550356388184 0.16749822458252847 0.33980157693941565 0.925461632414433 -1701.1033245672072 -0.9728860920565957 -0.09489097893768828 0.2109226256215582 -387.98361323446
0.16228845716599105 -0.9356667098035719 0.313353258856582 -576.5248511612 0.17561980132571897 0.3398817996176524 0.923925347455616 -1698.1564382306244 -0.9709892594941496 -0.09491138210996458 0.21948049456154195 -403.79089908055494
0.16507838462038454 -0.9356508816339105 0.31193998562032665 -573.8490916364489 0.18380498019161068 0.3399234099706801 0.9223165425225044 -1695.0756202453788 -0.969001989774988 -0.09491840207035779 0.2280912991775967 -419.5662654390039
0.1678052931942804 -0.9356410346960531 0.31051125224197756 -571.1279573504253 0.19192192965243565 0.3399567872303575 0.9206494206452851 -1691.8610859107223 -0.966957784235934 -0.09489592725145207 0.23661658119544351 -435.30846323762927
0.17056829126505757 -0.9356321920719901 0.309028896987775 -568.361651612008 0.20009560401596194 0.33998006961470884 0.9188989615394421 -1688.5130606817436 -0.9648151155886839 -0.09489970191386321 0.24520570814777976 -451.01624509686184
0.1732668371499118 -0.9356542220468046 0.30745695619070823 -565.5503774136442 0.20829287383108042 0.3399302692575606 0.9170940468423469 -1685.0317818799901 -0.9625968428450491 -0.09486089188106717 0.2537887494280879 -466.6883655340483
0.17603066300785486 -0.9356278219631303 0.3059636979276201 -562.6943497063012 0.21642980434453846 0.3399974261638884 0.9151829817000074 -1681.4174918236413 -0.9602975296606777 -0.09488060376315133 0.2623477187953802 -482.3235804623608
0.1786994526098551 -0.935630790402805 0.30440356385423806 -559.7937770853126 0.2245462125448124 0.34000058225911245 0.9132242892604446 -1677.6704494568833 -0.9579381525279793 -0.09484001325225316 0.2708502682619943 -497.9206482214114
0.18139114440369591 -0.9356112649638536 0.3028676503105858 -556.8488738137639 0.23262225501566866 0.3400581999103936 0.9111790752344612 -1673.7909223702259 -0.955502035164417 -0.09482605942693484 0.27932754831956097 -513.4783293279016
0.18410441892174617 -0.9355984513547758 0.30126583071438984 -553.8598537613457 0.24072472108680737 0.34008959569438657 0.9090603255879707 -1669.7791909809803 -0.9529728073723641 -0.09483988993547982 0.28783367364827384 -528.9953870074946
0.18680663192572527 -0.9355777618777122 0.29966236625318354 -550.82694261287 0.24871225590124368 0.3401343441631073 0.9068907550996685 -1665.6355404492963 -0.950392285339628 -0.09488350436521287 0.2962290069630182 -544.4705865487729
0.1894403377799091 -0.9355745107186774 0.2980145857426132 -547.7503596818817 0.2567659305368718 0.34015130022640816 0.9046371371272673 -1661.3602718168652 -0.9477254957725724 -0.09485477240387707 0.304662037042426 -559.9026961492102
0.1920365409831143 -0.935577561770273 0.29633864553789097 -544.6303302448541 0.2647441531413505 0.34015055871117406 0.9023348218848396 -1656.953694507758 -0.9450039684068579 -0.09482733424739531 0.313010025997288 -575.2904862323539
0.19469630704077068 -0.9355695633854186 0.29462338687127887 -541.4670795664694 0.2728197829487071 0.34017134936190746 0.8999182291214685 -1652.4161297214846 -0.9421585397673294 -0.09483166739078469 0.32147199069806554 -590.6327296818146
0.19732722190249558 -0.9355526177669109 0.29292194674643973 -538.2608453920565 0.28073156082011413 0.3402094194081236 0.8974671814085965 -1647.747903317374 -0.9392825763612068 -0.09486227034742695 0.3297717262119143 -605.9282013604058
0.1999114955527494 -0.9355515755415206 0.29116772391122203 -535.011859817207 0.28871965717671033 0.3402184584130601 0.8949258964376902 -1642.9493575830302 -0.9363099665739042 -0.09484012893717247 0.3381257109974847 -621.1756792312073
0.2025027787685323 -0.9355410666673127 0.2894054891843105 -531.7203585463169 0.2966870558832555 0.3402498370503332 0.8923042302144196 -1638.0208455538939 -0.9332574218629868 -0.09483122358278967 0.3464644622056381 -636.3739441688557
0.2050780973597806 -0.9355207146212974 0.2876525099799222 -528.3865899590969 0.3045632993619346 0.3403049246538498 0.8896256262822638 -1632.9627253797476 -0.930152767380211 -0.09483433329124308 0.3547143619366723 -651.521779886919
0.20765066859091924 -0.9355185458293825 0.28580806539183257 -525.0107968428181 0.31245566649929496 0.3403037637124545 0.8868848881763738 -1627.775371760595 -0.9269588212570317 -0.09485989043012738 0.36297237481846817 -666.617974102269
0.21015628136131653 -0.9354916761746657 0.28405925651578046 -521.5932252822345 0.3202251100476872 0.34038550420236413 0.8840778175159973 -1622.459169990368 -0.923737092629353 -0.0948315998853605 0.3711020767441931 -681.6613184413508
0.21273498397966784 -0.9354945607150691 0.2821236492456646 -518.1341336715118 0.32813455105193645 0.3403630853104275 0.8811814152397398 -1617.0145102190033 -0.9203648966562743 -0.09488359726784684 0.3793752231925518 -696.650608137177
0.21518640922236987 -0.9354940399513398 0.28026007653874585 -514.6337741903537 0.33597417676837615 0.3403823114832706 0.8782147997922364 -1611.4417982541336 -0.916960283671433 -0.0948197407970866 0.38754748731526895 -711.5846428826488
0.21771418954536026 -0.9354732621547358 0.2783708092889489 -511.0924018014264 0.3437639456434384 0.34043258132918186 0.8751754151284219 -1605.7414498277483 -0.9134696937207399 -0.09484425846158234 0.3956989831811681 -726.4622264953068
0.22021070150975647 -0.935453470057509 0.2764670908045761 -507.51028343614144 0.35148751182901117 0.34048052202451057 0.8720834496481213 -1599.9138845978873 -0.9099251485527978 -0.09486737837255554 0.403777667227754 -741.2821664698031
0.2226626519847688 -0.935440927258897 0.2745389134897347 -503.8876765649345 0.3592305469593692 0.34051970482652766 0.8689072129727816 -1593.959539353895 -0.9062972787901231 -0.09485042031466567 0.41185997647713857 -756.043274911033
0.2250755161946945 -0.9354504048363687 0.27253174512552814 -500.2248538600166 0.3670066189559277 0.3405028392016125 0.8656581069557306 -1587.8788530977145 -0.9025780595894356 -0.09481749093450464 0.4199553425790113 -770.7443673188734
0.22752548630928437 -0.9354280716095136 0.2705669527577793 -496.52207867742436 0.3746006576287153 0.34055270385195735 0.8623793847276587 -1581.6722816815309 -0.898836192186239 -0.09485873045760035 0.427896390347143 -785.3842636335189
0.22991774201827608 -0.9354325626689244 0.26852141926458273 -492.7796298279327 0.38234752223735186 0.3405498044474392 0.8589739244760392 -1575.3402833211037 -0.8949570962589073 -0.09482484584463785 0.43595876463992056 -799.9617870351329
0.2323269950137935 -0.9354061618991194 0.2665323238727703 -488.9977801682998 0.38990881625590224 0.3406175319695086 0.8555412391702237 -1568.8833314268413 -0.8910641292262762 -0.0948420223116287 0.4438577569560532 -814.4757649152539
0.23466336758394524 -0.9354207520825438 0.26442602082149513 -485.1768058606642 0.39758068465130086 0.3405874742123637 0.8520151240452515 -1562.3019093234157 -0.8870528186677301 -0.09480605984308249 0.4518286267055961 -828.9250285416508
0.23701629534965213 -0.9354142051114378 0.2623424110098541 -481.316995688827 0.40512688334305996 0.34060332836586044 0.8484465693836215 -1555.5965047659706 -0.8830036716409877 -0.09481369933630135 0.45968998062466004 -843.308412797616
0.23936104505684708 -0.9353987972172915 0.2602602164637127 -477.4186294644725 0.41265340235340653 0.3406456616795849 0.8447944736473098 -1548.7676227262664 -0.8788762481916617 -0.09481362424948397 0.4675327978027063 -857.624757342781
0.24166777932022182 -0.9354092569489614 0.2580817824888552 -473.4820027428392 0.4202208673859869 0.340618672925733 0.8410667882324693 -1541.8157710320545 -0.8746491336826452 -0.09480739247814379 0.4753950475969369 -871.8729058233595
0.24394150290334 -0.9353896679004745 0.2560052974965552 -469.50740213948455 0.4276435332709503 0.34068257836403737 0.8372911018581108 -1534.7414748300648 -0.8704099905290595 -0.09477103979735357 0.48311996274520774 -886.0517073259686
0.24625223124660606 -0.9353789357501097 0.2538229405728736 -465.4951298697319 0.43512910433946295 0.3407082854488997 0.8334149787370083 -1527.5452617497083 -0.8660383947394049 -0.09478454927604785 0.49091077402694216 -900.1600153899625
0.248461384837173 -0.9353833150128349 0.2516445791993017 -461.445479094491 0.44252574368021996 0.3407080066422682 0.8295113142025976 -1520.2276767352662 -0.8616483658808056 -0.09474232531161386 0.498583980257575 -914.1966892203014
0.25073359621131003 -0.9353715185536294 0.2494249105635227 -457.35875828699284 0.4499081014121719 0.3407334364185919 0.8255200939953384 -1512.7892668552095 -0.8571553908216637 -0.09476733395561454 0.5062645438901546 -928.1605925867143
0.2529649306792027 -0.9353485741018098 0.247248435328068 -453.23526664940886 0.4571909948994263 0.3407966227271282 0.8214828398211714 -1505.2305961516834 -0.8526342346102102 -0.09476659149455136 0.5138425392152406 -942.0505948270268
0.25516916410413426 -0.9353483148329184 0.24497393255123623 -449.0753185612558 0.46454038390309194 0.3407986557936012 0.8173484617544973 -1497.5522308924824 -0.8479922932512808 -0.09476183909409369 0.5214683733822595 -955.8655696098959
0.2573332996162975 -0.9353545554764939 0.24267556213586733 -444.8792189381992 0.47184490315338656 0.3407854652931713 0.8131590582494228 -1489.7547540702624 -0.8432923338183269 -0.09474767645851301 0.5290377278880523 -969.6043957794944
0.259528159729861 -0.9353190376778877 0.24046503293523164 -440.6472878711157 0.47901029951055046 0.34088177824760413 0.8089182568230017 -1481.8387509684965 -0.8385667935650948 -0.09475183911704116 0.5364958729700481 -983.2659563198727
0.26166995557897804 -0.9353265513269958 0.23810308005157055 -436.3798360421507 0.4862580924819815 0.34085946565924036 0.804591754970359 -1473.8048243505802 -0.8337157200407586 -0.09475793926234449 0.5440027859337424 -996.8491394981817
0.26379931475899077 -0.9353026844572552 0.23583640511960624 -432.0771893894687 0.49336086767705145 0.34092802864054994 0.8002269262729262 -1465.6535795824063 -0.8288576329971474 -0.09474686134284593 0.5513783242820174 -1010.3528379843866
0.26589573557550483 -0.9353059155840986 0.23345728105191296 -427.7396645846907 0.50052882600562 0.34092143864783453 0.7957659624586405 -1457.3856398341231 -0.8238752042270705 -0.09473867712651174 0.5587971285861457 -1023.7759501694638
0.26795389481265225 -0.9353071473976458 0.23108710539882726 -423.3675936375389 0.5076074432470135 0.34092268264571773 0.7912688595021781 -1449.0016313069139 -0.8188622557029728 -0.09472203800872209 0.5661204303860743 -1037.1173794315023
0.27003244084460837 -0.9352924381449156 0.22871496680462775 -418.9612994033904 0.5146416252302275 0.3409616699768542 0.786695072557967 -1440.5021979334415 -0.8137729895197386 -0.09472694841244295 0.5734111324107452 -1050.3760355192976
0.27204825588821074 -0.9353006143758232 0.22627971012972056 -414.5211170517132 0.5216770910345138 0.34094343383898346 0.782055360963564 -1431.8879882953943 -0.8086054409648441 -0.0947118560175571 0.580677970282806 -1063.550833974323
0.2740784108656969 -0.9352817109298248 0.2238953905231506 -410.0473851679895 0.5285866170802871 0.3409944563518078 0.7773795527160163 -1423.1596611784569 -0.8034159650772148 -0.09471484539139002 0.5878366143083745 -1076.640696696077
0.27606435760679576 -0.9352803592584202 0.22144778175585178 -405.5404365248682 0.5355634515376279 0.34100684573726114 0.7725840540274089 -1414.3178908156408 -0.7980979011601586 -0.09468358223981549 0.595041813167769 -1089.6445525298564
0.27805661900984735 -0.9352652489217413 0.21900554966522104 -401.0006196632362 0.5423752064210173 0.34104115164651383 0.767802102330658 -1405.3633535305512 -0.7927885292337242 -0.09470927643569299 0.602093432012388 -1102.5613364294154
0.2800104286416806 -0.9352683302463936 0.21648859159324027 -396.42827441802496 0.5492606055901008 0.34103248454497465 0.7628955574860018 -1396.2967425356007 -0.7873416964690096 -0.09471005713863823 0.6091987016385524 -1115.3899905350547
0.28195836342155955 -0.935242885608919 0.21405659582114825 -391.8237564097237 0.5560058424681215 0.34110599360074917 0.757960555880687 -1387.1187526943922 -0.7818932052639609 -0.09469659997881835 0.6161781962342562 -1128.1294632003735
0.2839099729254711 -0.9352299432795236 0.21151851093187418 -387.1874124552602 0.5627702407601262 0.34113196738027685 0.7529399955813553 -1377.8300951100498 -0.7763277551319725 -0.09473085043765267 0.6231703479684436 -1140.7787098276847
0.28578191083983623 -0.9352266559115094 0.20899713277771828 -382.51960518410436 0.5694813347798351 0.34114739711296627 0.7478699504462164 -1368.4314826238651 -0.7707267406637126 -0.09470773735879995 0.6300878793551475 -1153.3366919007888
0.28767081993409005 -0.9352100000468251 0.20646490057844175 -377.82068854859494 0.5761183733901777 0.3411898759100655 0.742749680860739 -1358.923644654708 -0.7650706628806937 -0.09471918701557591 0.6369420353614638 -1165.802377901281
0.2894962073321903 -0.9352206371641034 0.2038487325509939 -373.09103224029946 0.5827892373967744 0.341162113843125 0.7375399086507638 -1349.3073124676646 -0.7593080078036607 -0.09471415892283319 0.6438016599736104 -1178.174742540179
0.29132790652353774 -0.9352014594743778 0.20131140324781985 -368.3309973424324 0.5893250873031544 0.34121801496193577 0.7323019921730144 -1339.5832343415655 -0.7535409692616204 -0.09470214602863847 0.650544011717753 -1190.4527679655118
0.2931420375391576 -0.9351929015140704 0.1987007367502334 -363.540957805349 0.595849118414846 0.34123735558115154 0.7269944258659995 -1329.7521629637306 -0.7476841404708559 -0.09471696845696204 0.6572648796145131 -1202.6354435185642
0.29492796130765353 -0.9351828570390014 0.19608804537574961 -358.72129101822424 0.6022905872864676 0.3412599859372633 0.7216561996298656 -1319.814860849614 -0.7417975101771596 -0.09473460771264963 0.6638989441146124 -1214.7217663898869
0.29670050832603234 -0.9351584985936039 0.19351328343870974 -353.87236824143986 0.6087433534717366 0.34133848590137167 0.7161840319684207 -1309.7721055214602 -0.7357991152230743 -0.09469224123821096 0.67054682273964 -1226.710742380905
0.2984189105682164 -0.9351667067371521 0.1908124325762559 -348.9945757652688 0.615151632134947 0.3413116785094945 0.7107002234379431 -1299.6246765273581 -0.7297496990729012 -0.09470780708801574 0.6771231852326351 -1238.6013854032078
0.30012289603652564 -0.9351635798861242 0.18813645614079458 -344.08828975152085 0.6214782732239291 0.3413181506991684 0.7051713805266792 -1289.3733693511451 -0.7236649799356412 -0.09471535703289125 0.6836212386672024 -1250.3927185103416
0.30188272440822606 -0.9351243607873261 0.18549730608815276 -339.1539005187242 0.6277032820655073 0.3414141396371863 0.6995891472428587 -1279.0189810827292 -0.7175342572923311 -0.0947566098902583 0.6900476610307784 -1262.0837730368999
0.30356448370019096 -0.935109081922752 0.18281030917709365 -334.1917873735729 0.633850943606374 0.34144332948363526 0.6940096786359964 -1268.5623243395637 -0.7113941140641702 -0.09480220280519791 0.6963698419792004 -1273.673589268656
0.30529451582709327 -0.9350712270034925 0.1801029123475913 -329.2023430540502 0.6399726579978685 0.34152485383484793 0.6883282438112134 -1258.0042128972534 -0.7051455563364517 -0.09488189839621253 0.7026856834571816 -1285.1612153961637
0.3067997417934626 -0.93510785292279 0.17733364553179046 -324.18594892587095 0.6461393142865408 0.3414375502033834 0.6825865409194873 -1247.3454756143092 -0.6988404002122257 -0.09483513438194796 0.7089628991124813 -1296.5457078759036
0.30836723226338447 -0.9350932801893374 0.17467171325365097 -319.14299959441547 0.6522886267666193 0.34150696663744307 0.6766775739811469 -1236.5869420684162 -0.6924082592352132 -0.09472881865007121 0.7152602697340482 -1307.826130870519
0.309934254693894 -0.9350868010351949 0.1719111174331271 -314.07387850414096 0.6583221099672136 0.3415240560408447 0.6708005058687168 -1225.7294571890088 -0.6859684812698443 -0.09473116527931019 0.7214383196290362 -1319.001556032086
0.3114561818394681 -0.935090780758298 0.16911616875632357 -308.97898269626376 0.6643429940644582 0.3415168241330095 0.6648418195868656 -1214.7738663255432 -0.6794434730214514 -0.09471795275944334 0.7275885350894477 -1330.0710621081942
0.3129836220316629 -0.9350810541299708 0.16632701087653748 -303.8586984869723 0.6702804160426241 0.34154260284557997 0.6588420253074281 -1203.7210302426013 -0.6728784557478922 -0.09472102537794375 0.7336637589125433 -1341.0337356825548
0.31451656083752905 -0.935057395705499 0.16354509988190527 -298.71342643276233 0.6760904658481524 0.34159628626301586 0.6528504110441717 -1192.5718102317087 -0.6663190038924004 -0.09476098325664029 0.7396210794076071 -1351.8886703860217
0.316016293807954 -0.9350378565629142 0.16074174579777256 -293.5435570042892 0.6819166782773807 0.3416482907795779 0.6467349451626504 -1181.3270827964575 -0.6596387995979529 -0.09476630309146705 0.745584335848969 -1362.634967844391
0.3174315342344386 -0.9350465853286555 0.15787686448239174 -288.3494956320319 0.6877026965862338 0.34162283791740616 0.6405925676444268 -1169.987725416133 -0.6529182354488138 -0.09477193613342866 0.7514759197339119 -1373.2717370758419
0.3188781709499938 -0.9350242095354284 0.1550691448168655 -283.13163818498134 0.6934317484249592 0.34168999041504133 0.6343503454136943 -1158.5546304807935 -0.6461185048951088 -0.09475060966989335 0.7573329516132865 -1383.7980955172227
0.3202800790697623 -0.9350131186906381 0.15222069119365286 -277.89039593312657 0.6990730266876256 0.34171811655934775 0.6281127543466495 -1147.0286915981944 -0.6393102332270846 -0.09475862330964152 0.7630879562668986 -1394.2131684956146
0.32167149127507755 -0.9349959190118733 0.14936560223829917 -272.6261710408657 0.7046692540454604 0.3417640008427758 0.621802709973954 -1135.4108178691588 -0.6324307820654227 -0.09476285748689317 0.7687986126008792 -1404.5160900817682
0.32301394958369356 -0.9349917566274912 0.1464663900455718 -267.33938110389414 0.710240142584446 0.3417748487234924 0.6154257815867481 -1123.7019194984998 -0.6254765609005415 -0.09476480263617099 0.7744667222969355 -1414.7060028534725
0.3243198119679642 -0.9349841175921858 0.14360139071550146 -262.03043748099714 0.7156974683578187 0.3417986865249154 0.6090572975312356 -1111.902919898193 -0.6185416666250333 -0.09475419642530047 0.7800178516601541 -1424.7820587117042
0.32561512416396177 -0.9349720483311158 0.14071979162578596 -256.6997544466873 0.7211517621992486 0.3418400100670713 0.6025658000536226 -1100.014750259913 -0.6114858353164081 -0.09472421209417092 0.7855650175832252 -1434.7434189025835
0.32691905183874115 -0.9349528445620259 0.13779372986545865 -251.34775804618982 0.7264952149866951 0.34188084093615323 0.5960890815995746 -1088.0383435578976 -0.6044242186960199 -0.09476639196553388 0.7910061281731897 -1444.5892540135385
0.32814253797596615 -0.934953668299413 0.13484848128237417 -245.97486447640898 0.7318431024597842 0.34188159445130706 0.5895105162399308 -1075.9746468321716 -0.5972672334497593 -0.09475554605880993 0.7964252873549202 -1454.3187445154867
0.329323932108041 -0.9349541914572059 0.13193334535856027 -240.58150443933397 0.7371184935793156 0.34189263717097446 0.5828942880760088 -1063.8246063594447 -0.5900864971885555 -0.09471053016892672 0.8017654528045353 -1463.9310800951243
0.3305299236683233 -0.9349398081315232 0.12898652926101828 -235.1681013920957 0.7423067599009984 0.3419291794801814 0.5762509092620088 -1051.5891802838541 -0.5828641726552546 -0.09472059644555175 0.8070299652701284 -1473.4254600299362
0.3317312536059373 -0.9349233413635678 0.1259869880369179 -229.73508045649055 0.7474544452426648 0.3419621542575472 0.5695381790034069 -1039.2693326471597 -0.5755573191855116 -0.0947640798463143 0.8122521415809678 -1482.80109265051
0.3328543200721168 -0.9349186424446022 0.12302493088342284 -224.28287754567975 0.752526381805941 0.3419777133433701 0.5628101707170003 -1026.8660282224196 -0.5682535053084918 -0.094754290594051 0.8173797025364833 -1492.0571948326774
0.3339364871745626 -0.9349279244259896 0.11998416004633516 -218.81191757819016 0.7575835433305479 0.341947545906867 0.5560027434491694 -1014.3802453135138 -0.5608507799836291 -0.09477157789539276 0.8224747720234173 -1501.1929922495065
0.33503954611917297 -0.9349082415104155 0.11702599066942773 -213.32263894211314 0.7625317330312913 0.34200610811199816 0.5491604302336244 -1001.8129613610963 -0.5534382157536231 -0.09475442981722104 0.8274827728560032 -1510.207718434289
0.3360911876201679 -0.934905450318415 0.11399347599308898 -207.81547174998622 0.7674624004124442 0.3420128132041691 0.542244132801213 -989.1651660708411 -0.5459342245703547 -0.0947577678562132 0.8324522736311514 -1519.1006150655367
0.33716226571496155 -0.9348795737412384 0.11100355480503238 -202.29085019604742 0.7722945416206027 0.3420847669440206 0.5352935206107751 -976.4378545771955 -0.5384076035504858 -0.09475333675525743 0.8373404669623746 -1527.8709318320934
0.3381873248838341 -0.9348631556320387 0.10798246862163502 -196.74920638823897 0.7770444054064082 0.3421239267551224 0.5283495157263389 -963.6320312707858 -0.5308778817341302 -0.09477393620274527 0.8421321604725237 -1536.5179267582546
0.33914178832621833 -0.934859676374688 0.10497729706706987 -191.19098272779587 0.781769479374495 0.34214477358397133 0.5213189379139261 -950.7487031047337 -0.523277487122679 -0.09473299001818875 0.846880352867386 -1545.0408662711181
0.3400619385021735 -0.9348634214155103 0.10192282021917337 -185.6166134453323 0.7864428280888025 0.3421384044611685 0.5142460406658012 -937.7888902695563 -0.5156215241141809 -0.09471903447592633 0.8515648820718933 -1553.4390259226839
0.3410139933984673 -0.9348453267039458 0.09886188065287274 -180.0265339389009 0.7910217653777838 0.34218155611466344 0.5071452941254231 -924.753621019594 -0.507931120335272 -0.09474174262034757 0.8561716996024894 -1561.7116904926088
0.3419145429498235 -0.9348385862242934 0.09576671146895319 -174.42118990789032 0.7955559286277347 0.3421927711006656 0.49999487180541147 -911.64392602919 -0.5001851754547268 -0.09476774299629553 0.8607170645123243 -1569.8581539927238
0.3428083471957139 -0.9348164532513005 0.09273961302271175 -168.8010191535933 0.8000023210189954 0.34225951393599946 0.4928029134294096 -898.460849124074 -0.49242128655975437 -0.09474504657739541 0.8651847506121937 -1577.8777203150842
0.3436635541610543 -0.9348017133811173 0.08967228223436582 -163.16646409704953 0.8043861114587034 0.34229916022817825 0.48558652019947013 -885.2054402119836 -0.48462185798180685 -0.09474725097231962 0.8695772612019301 -1585.7697032133065
0.34444708709766503 -0.9348060150508487 0.08656742120847641 -157.51796892531797 0.8087379423870552 0.34228874039111096 0.4783109435764762 -871.8787569923489 -0.47675900068429317 -0.09474245313595603 0.873913452717313 -1593.5334266732266
