0.9999993719159321 -0.00024163418335035325 0.0010944316616885812 0.0 0.00024071979006747013 0.9999996219544448 0.0008355506866746015 0.0 -0.0010946331455515997 -0.0008352867105186662 0.999999052036745 0.0
0.9999997834740265 0.0004914497913019531 0.0004376402658510512 2.139618510900612 -0.0004919772123211758 0.9999991519341338 0.0012058563081116611 16.07658910117122 -0.00043704727687266426 -0.0012060713560503983 0.9999991771904428 -0.16444975282169433
0.9999994788379568 0.0002917590838225195 0.0009783662154310532 3.8488650425953033 -0.00029537016950084477 0.9999931378816989 0.003692823577794881 32.206181624373684 -0.0009772820869428463 -0.0036931106334302465 0.9999927029001625 -0.15384367466856674
0.9999936775238257 0.0007020325511651327 0.003485980876495536 4.566954313709006 -0.0007135811733328687 0.9999942582678152 0.0033127380384220763 48.41082112794875 -0.0034836352109907922 -0.0033152046240387803 0.9999884367851551 -0.09413762224720183
0.9999902059223453 0.0009982975293450981 0.004311781699866177 6.033503462198702 -0.0010127405592567451 0.9999938799862355 0.0033487828586471497 64.56537553744384 -0.004308412230049046 -0.0033531167766178657 0.9999850969849198 -0.211071089235232
0.9999696975031261 0.0010040558963485718 0.0077198411423076065 6.353392878239042 -0.0010253222616760237 0.9999956895132497 0.0027513031785337794 80.78402627771517 -0.007717045403855844 -0.0027591351321575998 0.9999664166278577 -0.10122484792655469
0.9999449084964473 0.0010981416198978145 0.010439063991262102 7.021501290059879 -0.001143266970349398 0.9999900249166671 0.004317754948841613 96.99318412074591 -0.010434218354315376 -0.004329451714292055 0.9999361894317002 -0.13697527053939323
0.9999312519096949 0.0006343690328223939 0.011708502476397448 8.308363428435886 -0.0006929658556692381 0.9999872535155732 0.005001260311528275 113.16397691294459 -0.011705180589486568 -0.005009030076869521 0.999918945897645 -0.38125913516088294
0.9999067765521102 0.0008725462654474318 0.013626329960116375 9.274885919395881 -0.0009451045904956067 0.9999854056433504 0.00531933056099514 129.35920370016976 -0.013621489730581717 -0.005331712981656317 0.9998930082034787 -0.5112681742858967
0.9998827588703751 0.0007755880818052309 0.015292709926421085 10.398718175454475 -0.0008695584494080372 0.9999807775339892 0.006139090374118919 145.545388621417 -0.015287654557497223 -0.006151668525359079 0.9998642130771986 -0.5976649620927655
0.9998353668658823 0.0006830941590212046 0.018132086105462467 11.019262290780313 -0.0008269357703386064 0.999968241491354 0.007926675590752134 161.75903943785647 -0.018126095591652795 -0.007940364667897585 0.9998041784607344 -0.7475936139196381
0.9997926379864444 0.0011928932655622514 0.020328748947318113 11.90102462620924 -0.0013664257578410311 0.999962731699167 0.008524558251788652 177.95859143084246 -0.020317822441254466 -0.008550568308410925 0.9997570074137263 -1.08577369888446
0.9997585916097224 0.0016689607133410624 0.021908287762420455 12.950874685372328 -0.0018049059433294756 0.9999792321363175 0.006186890220202561 194.15178853745613 -0.021897507097369425 -0.006224939051783986 0.9997408410766877 -1.2381309859459066
0.9997234990647702 0.0018460048791703826 0.02344179352519398 14.11464409114513 -0.0019722483243831265 0.9999836718309077 0.005363423172016227 210.33635781691964 -0.023431509858278896 -0.005408173218493488 0.9997108161904625 -1.5180948911315482
0.9997196671739517 0.0021358684526084516 0.023580185146760236 15.787335191221946 -0.0022153292992011164 0.9999919542680801 0.0033442062139937482 226.47911562262254 -0.023572852642358446 -0.0033955065982508555 0.9997163553494778 -1.6396592827158865
0.9997226578876878 0.001954438340076471 0.023468861854634517 17.588368350490043 -0.0019969542975217607 0.9999964070890581 0.0017882903869268871 242.6090359361105 -0.023465282429806545 -0.0018346606632322572 0.9997229688972544 -1.7484042432501807
0.9997471379426358 0.002154637185633811 0.022383424986064306 19.889946921159982 -0.00217403980463974 0.9999972818419982 0.0008425316271295302 258.6755202952268 -0.022381548794402666 -0.0008909810397333225 0.9997491047389596 -1.920249394650068
0.99969829843411 0.0023519470768971875 0.02444954913476042 20.860320134064395 -0.002381745241651001 0.9999964559311052 0.0011897120797112364 274.8773928246205 -0.024446664344023414 -0.0012475857390266158 0.9997003571732256 -2.1336943889344075
0.9996679543444228 0.0024846907108809005 0.025647755630990633 22.370255596239566 -0.0026359168303703986 0.9999793316430506 0.005864147779550907 291.0399231471137 -0.025632654940504165 -0.005929805965486626 0.9996538422883765 -2.23361693693245
0.9996294098195986 0.0025356702736258397 0.027103752507401546 23.587362414127128 -0.0026942175192790473 0.9999794648721249 0.005814724930392222 307.22585547028143 -0.027088451703219395 -0.005885593455275571 0.9996157139491169 -2.518537614669659
0.9995047671487696 0.001746058676229572 0.031419289075048984 23.960154958467992 -0.003126212121161509 0.9990296500237943 0.04393159650077806 308.0786538430308 -0.0313120942234086 -0.044008063493329294 0.9985403562715492 13.689815330481393
0.9994540419238893 0.0019004778636643141 0.032984939986126526 25.106290401887975 -0.0033455964248211307 0.9990342030061172 0.043811735967583136 324.2597601867286 -0.03286981999586627 -0.043898170893794455 0.9984951304466234 13.007643857275225
0.9993637052259942 0.0022476766011190323 0.03559680641388122 25.796456984500857 -0.003826240868617299 0.9990091783758955 0.04433983989069797 340.46092315714435 -0.03546187470771454 -0.04444782863778906 0.9983821142085832 12.18077684875121
0.9993491761596909 0.002095576254556287 0.03601156299172622 27.513338787741276 -0.0037435346736255795 0.9989456486132354 0.045755623313742076 356.58966011263925 -0.03587770975261467 -0.045860654997973 0.9983033558323164 11.416090261850576
0.9992501055662965 0.0021335559779201516 0.0386610199636955 28.277852174700865 -0.004030151516207763 0.9987884026140863 0.04904574071575224 372.7751998825482 -0.038509536539672116 -0.04916477135601817 0.9980480153043794 10.346713607849983
0.9992414197089968 0.0020120816879301475 0.038891344348428294 29.97855784623669 -0.003895888821994005 0.9988193307490142 0.048422789803739236 388.90134681724044 -0.03874799592538106 -0.04853757358347881 0.9980694849369935 9.460037387788438
0.9991579946620879 0.0022531925593729206 0.04096614243645983 30.307417062606437 -0.004222091680599507 0.9988365455261209 0.048038830785990964 405.12495788959626 -0.040810239458673625 -0.048171344643210025 0.9980050330086476 8.78977964620366
0.9990640308451462 0.002283244226619093 0.04319547507840783 30.597604221174265 -0.004388659677162503 0.9988033347604721 0.048709733499548505 421.33932560272825 -0.04303256833707994 -0.048853712931164965 0.9978785060292433 7.892528428773527
0.9989639224647127 0.002611166058011692 0.04543416584170555 31.492363968649244 -0.004898509007759797 0.9987218452437132 0.05030586886728076 437.53375614642766 -0.045244736969228344 -0.05047630775729062 0.9976998827963135 7.016658672199038
0.9988679948699851 0.002478996893207141 0.047503509331601135 31.838773642486338 -0.004869511458174504 0.9987236183044133 0.050273473115534845 453.74150499613125 -0.047318248938146595 -0.05044788216905886 0.9976051295488036 5.992532749692432
0.9988281896359323 0.0028013016577172656 0.04831563202140093 33.36721128735931 -0.005303612800438403 0.9986464662141364 0.05174076931472646 469.8901702324874 -0.0481052936782184 -0.051936386349449304 0.9974910989543184 5.110860365740114
0.9987999690526472 0.002781925034183877 0.048896653398100356 34.35955771026432 -0.0053060543980521045 0.9986553896803773 0.05156799830377371 486.07768327804143 -0.0486874481478989 -0.05176556341272987 0.9974717333525844 4.159181070906677
0.9987158699508937 0.0026917521393649895 0.05059017274776853 35.556021842653 -0.005439131282369073 0.9985126980681389 0.05424765107889918 502.23746658734916 -0.05036890865525713 -0.05445315663122886 0.9972451187014026 2.980505969100066
0.9987158699508939 0.0026917521393717294 0.050590172747764985 36.798353447309 -0.0054391312823798615 0.9985126980681341 0.054247651078981135 518.4103104550466 -0.05036890865525284 -0.054453156631312116 0.9972451187013983 2.0377201444577047
0.9986280584994117 0.0024547498461625654 0.05230654816452203 38.00164432529467 -0.005465463768934256 0.998330891163127 0.05749400364582009 534.5777051116288 -0.05207810944614627 -0.057701004780055354 0.9969746559285688 0.9448082523830361
0.9986280479790792 0.0024547736688118275 0.05230674789860504 39.24004824419223 -0.005465481247175725 0.9983309107950454 0.05749366109294222 550.7496640413586 -0.05207830934496333 -0.0577006640981569 0.9969746652038874 -0.05281319590044488
0.998599360669624 0.002140079327547978 0.05286527149925283 40.24934211392139 -0.00525479792421632 0.9982530331364755 0.058849544880147944 566.9335509891752 -0.05264697492727533 -0.059044914211952126 0.9968660863610074 -1.1292552396620117
0.9985383612256669 0.0018548756456143575 0.054015743974311636 40.98719382032646 -0.005104805900569651 0.9981798666683899 0.06009072086929567 583.1348157755286 -0.053805967303601 -0.0602786298302597 0.9967303570516511 -2.1803704154632104
0.9983069871651397 0.000488495021706368 0.058162881203346374 40.471329270609075 -0.006190657393944133 0.9951771859733978 0.09789813215326676 582.4980642882847 -0.057834549693856624 -0.0980924558295976 0.9934953623299049 -18.412855223351443
0.9981763346619035 0.0004964244470166591 0.06036355260996195 40.735282739391025 -0.006379602839199411 0.9952337820452453 0.09730888830692455 598.67694773983 -0.0600275402506288 -0.09751652495184705 0.9934219756844405 -19.953755670564053
0.9981500807566398 0.000889105140582617 0.06079165878278292 41.7797331189369 -0.00675940035561751 0.995317111859185 0.09642695342652577 614.8245147905583 -0.06042124454482333 -0.09665948650980068 0.9934818653983163 -21.50325221541197
0.9980822190317957 0.0005965115177386743 0.06189933946800638 42.512224801773144 -0.006635482504029005 0.995223039047785 0.0974016063544534 630.9500341208357 -0.06154554756036012 -0.09762554339156752 0.993318377386122 -23.427449387478728
0.9980019345555156 0.0006116945084304277 0.06318041194291493 43.16246396267229 -0.006792509646436972 0.9951966844053262 0.09765972128439923 647.1185836856762 -0.06281719856974408 -0.09789374432757332 0.9932123712406016 -24.996719554314875
0.9978678562859647 0.00031348310938782853 0.06526594149778814 43.43319606758019 -0.00666747943626055 0.9952463941296621 0.09716048419944365 663.2838653521724 -0.06492523476445142 -0.09738848340663234 0.9931264759286896 -26.71543195909023
0.9977265453264611 0.0006209713256060994 0.06738957742512686 43.757915775090055 -0.0070012893260663405 0.9955018209153285 0.0944833662717172 679.4863924603306 -0.0670277755762235 -0.09474037655021218 0.9932429402479679 -28.03933652066292
0.9977104685381089 0.0009553051050845461 0.06762328268889885 44.94596640370819 -0.0074476622458096555 0.9953707228865248 0.09582095985444626 695.6439888212273 -0.06721869752188273 -0.09610521012157268 0.9930989050899969 -29.431205635732233
0.9977143395097028 0.0006849420618891976 0.06756942793222845 46.19727072075214 -0.007178117133123617 0.9953650414034457 0.09590051609004949 711.7699506204486 -0.06719056013413956 -0.09616634133774095 0.9930948914492385 -31.116779608388622
0.99752926083792 0.001531008850532564 0.07023553078073519 46.34266483291668 -0.007976739480777591 0.9957653338279806 0.09158477806766871 727.9952313755817 -0.06979788964866551 -0.09191874650118144 0.9933172698801956 -32.21667490420675
0.9975098884834079 0.0017239868393435051 0.07050567528360062 48.00212706273941 -0.008128291506170221 0.9958497967055413 0.09064829440602062 744.098080590732 -0.07005678593119267 -0.09099566072570808 0.9933840327255536 -33.78908647055035
0.9974671709412689 0.0017628632626360927 0.07110650608444957 48.9733196237258 -0.008209137471195135 0.9958656476966039 0.09046668889597047 760.2657234033331 -0.07065304633488285 -0.09082127532103405 0.9933577618323937 -35.28230540300369
0.9973023778974124 0.0007612600148235078 0.07339882508157557 49.880663837269225 -0.007694389001935232 0.9955214799869043 0.09422196804656692 776.4444480782337 -0.07299837955771514 -0.09453255189548071 0.9928417966695787 -36.706729714690645
0.9973023778974064 0.0007612600148173106 0.07339882508165532 51.68460444246021 -0.007694389001941802 0.9955214799868979 0.09422196804663527 792.5265220471006 -0.07299837955779451 -0.09453255189554892 0.9928417966695662 -38.36630104422563
0.9971970854421627 0.0011143049471602196 0.07481130335811285 52.29561219870758 -0.008288649795876799 0.9953797992372201 0.09565748039244697 808.6934638977323 -0.07435906851363579 -0.09600944534239836 0.9925990707908353 -40.07989573854767
0.9971970854449588 0.0011143049561325757 0.07481130332070594 54.10533421312124 -0.008288649795837197 0.9953797992441296 0.09565748032055679 824.774511502673 -0.07435906847613996 -0.09600944527066342 0.9925990708005827 -41.76603493663689
0.9971453261655727 0.0020665245126086996 0.07547799667844074 55.5034896575348 -0.009206417530697914 0.9954945431614448 0.09437084513787085 840.8851772310858 -0.07494291415738878 -0.09479632910732555 0.9926717562242686 -43.56842367808571
0.9970283019432797 0.0020983260732048556 0.07700754607041706 56.71528538512434 -0.009563424986184637 0.9952676535131046 0.09669973512400086 857.0200463753381 -0.07644021210482077 -0.0971488285992623 0.9923300857452434 -45.29858506864057
0.9968278916328905 0.002404430209157506 0.07955107276519001 57.44971220696565 -0.010159185671502728 0.9952109549618352 0.09722111946713792 873.1935472977855 -0.07893633769826569 -0.09772089765920551 0.9920784650174933 -46.945843446857346
0.9967295866248492 0.002530343242265485 0.08076960139638219 58.14651616002672 -0.010394851174719881 0.9952204933957748 0.09709848914440276 889.36478496193 -0.08013787004724432 -0.0976205249327551 0.9919920135243757 -48.642841095051956
0.9965372506652741 0.0029550116622769997 0.08309498145236827 58.404981304317026 -0.01089721680542622 0.9953899381200761 0.09528967286755817 905.5768137354503 -0.08243032635134095 -0.09586521264455937 0.9919753536768068 -50.06303336485465
0.9964440777864421 0.0028404883338459075 0.08420885624653016 59.700555684889856 -0.010817412593898524 0.9954733237035849 0.09442375431696476 921.6961512715417 -0.08355946044043291 -0.0949989127335808 0.9919642247331011 -51.918189270891105
0.9966998227213548 0.001327210984990384 0.08116465917021717 62.45660654796762 -0.008585055223004965 0.9959822980261871 0.08913786426257425 937.7024100545596 -0.08072025900623424 -0.08954049658940098 0.9927067740559099 -53.01207267137252
0.9966052564004994 0.0014722410749525364 0.08231521986308826 63.16706045612876 -0.008852245494737006 0.9959598208989251 0.08936259231178298 953.8913545482457 -0.0818510883531284 -0.08978790375767946 0.9925918253109941 -54.57595566115055
0.9966052563368205 0.0014722410921980717 0.08231522063375564 64.98271857275247 -0.008852245555501357 0.9959598209268256 0.08936259199481202 969.9915172084578 -0.08185108912190553 -0.0897879034479179 0.9925918252756193 -56.17601671035801
0.996260463987895 -0.0014301516444908862 0.08638890299624512 64.00660888672022 -0.00960223698745046 0.991836342809958 0.12715528351667008 968.2423846525487 -0.08586550494498531 -0.12750930847448627 0.9881136024328888 -72.33459040610082
0.9961884096384667 -0.0008344503864229492 0.0872235988396001 65.35425007065555 -0.010230381106531624 0.9919352973129381 0.12633172700121217 984.3227029493263 -0.08662558400607508 -0.12674253286583126 0.9881459095489693 -74.51603238473909
0.9958457727223184 0.00016395855355759822 0.09105586235206088 65.02874096039126 -0.01126489306710447 0.9925381591341169 0.12141295172610671 1000.5205204645799 -0.09035651130533438 -0.12193430928271147 0.9884167770148766 -76.1640370522993
0.9956607860379869 -8.946607630155724e-05 0.09305692420252988 66.00567671682708 -0.011490043201043713 0.9922292527958034 0.12389143958934608 1016.6660498553542 -0.09234488644993757 -0.12442307620414977 0.9879227297994736 -78.06098987536718
0.996255288305587 0.0018071910502418219 0.08644150961000152 69.41515878980117 -0.01150348131546192 0.9936634879680983 0.11180582541486231 1032.4440972363398 -0.0856917174572453 -0.11238152312360558 0.9899632936728741 -80.22879774146075
0.9961313109962213 0.0025060703126525206 0.08784150991719891 70.0164858372409 -0.012227651874397154 0.9938220584836508 0.11030956713249657 1048.6260257963486 -0.08702238667482826 -0.11095690912650728 0.9900079133696394 -81.9878556379739
0.9960477899454092 0.002553446036773015 0.08878220575205009 71.48056755265473 -0.012525205566691273 0.9936357384598177 0.11194256777886673 1064.7445688329724 -0.0879313332684866 -0.11261216261466199 0.989740663740191 -83.83171309828982
0.9961330853067 0.0011236332306056099 0.08784995051628634 73.27397034282174 -0.010400415517692338 0.9943954357220228 0.10521192314689914 1080.869352785415 -0.08723937020869475 -0.10571875360394904 0.9905618796531677 -85.30347901828193
0.9961285516953575 0.0009045561438757676 0.08790386951373684 74.46372368770984 -0.010286655735972176 0.9942769144405331 0.10633720950064171 1097.0173964353044 -0.08730460017132316 -0.10682976733474654 0.9904369276234243 -87.10811107578195
0.9958805060170126 0.0013852330817465785 0.09066476087546067 75.06258749969534 -0.010907689649672467 0.9944526142813656 0.10461845083667239 1113.2184019456313 -0.0900168875367348 -0.1051764188317314 0.9903710824130166 -88.73325396176035
0.9957664876454438 0.0020940724467190144 0.09189514101866525 76.23918940707381 -0.0116077746042638 0.9946015971877842 0.1031160629593934 1129.355673052297 -0.09118312152470218 -0.10374621791707414 0.9904152465591965 -90.66130670758497
0.9955876495151024 0.0019329910147262382 0.09381628685216413 77.24631166287969 -0.011765558324364477 0.9944692334748015 0.1043672137663791 1145.524126566047 -0.09309566998687986 -0.10501051003484488 0.9901040293887888 -92.428060264864
0.9958420147902849 0.0015173313962147073 0.09108446236244923 79.81789436958563 -0.01059150036974805 0.9950088203004344 0.09922332207830788 1161.5265402612154 -0.0904792887811331 -0.09977547408943836 0.9908876591581348 -94.13271519312175
0.9958859045763926 0.003437332631845044 0.09055081341674653 81.52863708191641 -0.012078475047692015 0.9953987864272195 0.09505454444549921 1177.59787659727 -0.08980743569759855 -0.09575719671960602 0.991345138571741 -96.23591632133608
0.9956879632181516 0.0033925149258209213 0.09270367169083837 82.48477817610511 -0.012346382788904807 0.9952869870966621 0.09618409508894374 1193.8010114499396 -0.09194045211175621 -0.09691390074972484 0.991037158287699 -97.72726282997569
0.9956121141894013 0.003917076900826956 0.09349424895606691 83.91593772921333 -0.012880321427361938 0.9953499510463202 0.09545979400782421 1209.9493007766034 -0.09268557276746735 -0.09624516331037997 0.9910329223290838 -99.43217318676943
0.9954182658181845 0.0033354991388506497 0.09555810023754209 84.90519218112844 -0.01263739428913504 0.9952135031085142 0.09690397048656318 1226.1469980104132 -0.0947774885776882 -0.09766758764285526 0.9906958514008878 -100.9880014138231
0.9954732204340927 0.004370401532030535 0.09494191376320908 86.68417358478543 -0.013147148742335331 0.9956707538864435 0.09201577220861946 1242.2441836333549 -0.0941287409802012 -0.09284745255337287 0.9912210301823855 -102.86500842982645
0.9960442171048891 0.004688084861261734 0.08873522092290925 89.96025838293679 -0.011785253692130283 0.9967550215003884 0.07962747584328819 1258.1585318241723 -0.08807397667481129 -0.08035825392637205 0.9928673253051427 -104.22552224470165
0.9959326423585675 0.005049921186214262 0.08995926956512093 91.24595131677385 -0.012205512354569533 0.9967863159861969 0.07917111677139296 1274.3467625558508 -0.08927036099870242 -0.07994709850069914 0.9927936664224241 -105.70249451032443
0.9958208890088053 0.005080232338520725 0.0911863380835857 92.54555463931997 -0.012312962187046306 0.9968039672358694 0.07893188116986664 1290.5396737398526 -0.09049391126416689 -0.0797247900105143 0.9927007655290145 -107.12981638467166
0.9957976008662979 0.0063057258641732285 0.0913639750133791 94.10093585344319 -0.013193763494920113 0.9970974013275965 0.07498464423197676 1306.7051251051926 -0.09062594945024832 -0.07587496350629946 0.9929903963277581 -108.62616830880039
0.9957034747756894 0.006682867248807906 0.09235761801252493 95.41032668728607 -0.013398235574587069 0.9972941672332121 0.07228299444615743 1322.9117765019378 -0.09162465608721038 -0.07320985786047228 0.9930988063173515 -109.91211755321964
0.9956580457865967 0.00667656765943867 0.09284653630964616 97.04042227147517 -0.013410929707217916 0.997307340450451 0.07209865219293396 1339.0820115379584 -0.09211516066748521 -0.07303076151827342 0.993066616621092 -111.30273262360865
0.9953905620252455 0.006975860458776724 0.09565022949224869 97.7058985458269 -0.01403961652015269 0.9972054409235772 0.07337709288587493 1355.321676243123 -0.09487106091441276 -0.07438175826958743 0.9927068227012932 -112.69625333370892
0.9950997882410638 0.007000421348199245 0.09862761045230682 98.3394064301059 -0.0144604502748265 0.9970690500333427 0.07512792319409665 1371.5732084777437 -0.09781261074336246 -0.076185980118109 0.9922844297947081 -113.97762254924871
0.9950069857542181 0.00688483123122732 0.09956755193946178 99.8162131461256 -0.014436649926896153 0.9970544575520776 0.0753259040066687 1387.7725515023114 -0.09875566535235882 -0.07638722258631706 0.992175544339992 -115.24253768750826
0.9948030080787261 0.007022847218828961 0.10157585704513417 100.82396916940154 -0.01473832611326197 0.9970438289289609 0.0754081224939162 1404.0029560493301 -0.10074600171168385 -0.07651328519688415 0.9919657052174171 -116.58507141892566
0.9946601947181651 0.0067449568867961945 0.10298350644550552 102.09993499833796 -0.014569551769783282 0.9970456260122142 0.0754171585989633 1420.2243191109305 -0.10217056916961328 -0.0765148691857292 0.9918198675107522 -117.82108897265009
0.9945428400707692 0.007526142168723754 0.10405717874331781 103.35122084428414 -0.015047103854800938 0.9973140058814973 0.07168234328051294 1436.4438752173517 -0.10323819026670383 -0.07285692044451955 0.9919847504945802 -119.12236680161558
0.9945302703701716 0.0077520524800652685 0.10416067876014455 105.13390863437884 -0.015194203236159802 0.9973715007790838 0.07084649336204456 1452.614805810897 -0.1033376867625974 -0.07204162072043281 0.9920339345902067 -120.42650899753124
0.9944212968943604 0.007896505096830167 0.10518521516918178 106.6267045187361 -0.015503577623225196 0.9973056914743393 0.0717007450015195 1468.8295524973526 -0.10433562844882231 -0.07293149498089603 0.9918644431957621 -121.55622679623706
0.9942318537436697 0.007868242059709811 0.10696313275287363 107.78149544856281 -0.015721934227644375 0.9972240450306801 0.07278066224480269 1485.06233112371 -0.10609355204516166 -0.07404252007826767 0.9915956148727657 -122.83341331546515
0.9940465980677183 0.008084717514685875 0.1086554104161266 108.83688947420147 -0.015912292529544996 0.9973231439472339 0.07136767821402769 1501.2860597855188 -0.10778756800504455 -0.0726717544161082 0.9915143248050636 -124.31324178898569
0.9937868123546899 0.007841108790609928 0.11102381997946069 109.69771574138603 -0.015787257299062378 0.997360300022293 0.07087449785653832 1517.545540212349 -0.11017501575615862 -0.07218690291443225 0.9912873029302609 -125.51612367700525
0.9937868169655966 0.007841036114921884 0.11102378383943469 111.55371773415472 -0.015787222029262315 0.9973602748083702 0.07087486052735864 1533.7103180043287 -0.11017497921932431 -0.07218725917236954 0.9912872810478307 -126.879768868353
0.9935074795375456 0.008298701058053871 0.11346373721896949 112.35035203782128 -0.016233004741125285 0.9974718263064246 0.06918414039360106 1549.9691014572727 -0.11260274268426856 -0.07057681833064378 0.9911304329170314 -128.17109003436255
0.9932229318242837 0.008193103120233435 0.11593567509454716 113.22750591998324 -0.01642803077253308 0.9973938508509754 0.07025401119935905 1566.2333148204289 -0.11505793107518726 -0.07168248981393524 0.9907690412759023 -129.35521533904935
0.993060362256448 0.008685797982213963 0.11728458478631254 114.46620630335731 -0.01682338796003453 0.9975042657153427 0.0685726876915443 1582.4650939107107 -0.1163962651146091 -0.07006994215145915 0.9907280720128295 -130.6732746151411
0.9933201503825668 0.008624081412070267 0.11506825828066455 117.24073497385226 -0.016608764302720593 0.9975050441904515 0.06861367037947458 1598.5038378521465 -0.11418943818183434 -0.07006648296015196 0.9909850958381313 -132.03315828686252
0.9933201503333496 0.008624081464277813 0.11506825870161799 119.10941154878971 -0.016608764396926722 0.9975050441817852 0.06861367048266137 1614.6765365546978 -0.11418943859626834 -0.07006648307710434 0.9909850957821079 -133.3699024489031
0.993087874187493 0.008708074717803873 0.11704974829733224 120.16734356190368 -0.01695311883066794 0.9974287751542094 0.06963067037080503 1630.9221971100933 -0.11614243799607224 -0.07113373270878168 0.9906820509968084 -134.72666616337773
0.9931123936639877 0.008069300207327074 0.11688738146242537 122.18019637041687 -0.016460971626639773 0.9973400219591182 0.07100645753516693 1647.0785571800802 -0.11600349117196447 -0.07244147287811956 0.9906035650264757 -136.08630421315857
0.9931123936640197 0.008069300206957725 0.11688738146217914 124.03998805801635 -0.016460971626410262 0.9973400219590253 0.07100645753652686 1663.253071792894 -0.11600349117172336 -0.07244147287944232 0.9906035650264073 -137.46514153311787
0.993112393657515 0.008069300207027705 0.11688738151743992 125.89994313705047 -0.016460971699860258 0.9973400219156676 0.07100645812849112 1679.4290072331744 -0.11600349121698748 -0.07244147347636255 0.9906035649774548 -138.84410002306973
0.9931123935755979 0.008069302416960179 0.11688738206087286 127.76006096041792 -0.016460972941236524 0.997340022514017 0.07100644943643462 1695.6063662382546 -0.11600349174213449 -0.07244146499240431 0.990603565536378 -140.22317876529917
0.9928791564638881 0.008018474843430363 0.11885573070213033 128.7871749024989 -0.016488966363433857 0.9973785992631787 0.07045597008122585 1711.8651000605191 -0.11797921277842284 -0.07191407228774731 0.9904086386735398 -141.53260693564454
0.9926749301542511 0.007938391099605356 0.12055482151285417 129.96161781054332 -0.01650443826432882 0.9973947081161774 0.07022392569079293 1728.1333080237362 -0.11968327602812427 -0.07169922013939668 0.9902197409012687 -142.59530922465584
0.9926749245621803 0.00793839537024206 0.1205548672779662 131.8194340197323 -0.016504438425208975 0.9973947124589014 0.07022386397298006 1744.3157787644186 -0.11968332238758127 -0.07169915925569662 0.9902197397064423 -143.96889022998565
0.9926749245833338 0.007938395314215337 0.12055486710747128 133.67732165740648 -0.016504438236569084 0.9973947125318932 0.07022386298060862 1760.4996785692008 -0.1196833222381424 -0.07169915824652459 0.9902197397975757 -145.3428009474895
0.9921991936196345 0.008630192249025488 0.12436349931665348 133.91290348242578 -0.0173832850165541 0.9974325101428385 0.06947092278206604 1776.8114933515737 -0.12344464987422919 -0.07109083971866076 0.9898017533453469 -146.4266073628751
0.9921991854758359 0.008630226546023773 0.12436356190960245 135.78156034532608 -0.017383320523423357 0.9974325114732706 0.06947089479563676 1792.997394352755 -0.12344471033081357 -0.07109081688862165 0.9898017474451376 -147.79686732631754
0.9918367335718107 0.008877671199863027 0.12720487762526875 136.4220838887745 -0.017742961777763525 0.9974774770364098 0.06873041621025053 1809.2818565805062 -0.12627383436383252 -0.07042634279266029 0.98949231881602 -149.1408759000973
0.9916497251037187 0.008778413293447947 0.12866142452872129 137.71367841073442 -0.01782137940102513 0.9974364421081794 0.0693032639261951 1825.5320196706327 -0.12772322082516757 -0.07101748668200868 0.9892640170588506 -150.4492204752389
0.9913751393913757 0.008893947028904567 0.1307525552445109 138.74418630039753 -0.01807236473195129 0.9974405637894489 0.06917883592822613 1841.8184443302598 -0.12980262951772784 -0.07094518597929586 0.9889985126159918 -151.53805368269317
0.9910356127279799 0.008878928441196907 0.1333025841257574 139.5119410959812 -0.018113604489386117 0.9975055748672218 0.06822408256047566 1858.0980863869243 -0.13236431406262797 -0.07002708574939653 0.988724377986188 -152.92596242114334
0.9910356127279796 0.008878928441196879 0.1333025841257602 141.38342246489464 -0.01811360448938653 0.9975055748672215 0.06822408256047795 1874.291026866924 -0.13236431406262952 -0.070027085749399 0.9887243779861874 -154.2956280640427
0.9910356263967215 0.00887890211633211 0.1333024842591347 143.2549541229587 -0.018113577954835727 0.9975055717312065 0.06822413545714905 1890.4853911714893 -0.13236421535340062 -0.07002713375835587 0.9887243878004957 -155.66562381981436
0.9910356263927448 0.008878902118373864 0.13330248428856378 145.12676525124138 -0.018113577955284618 0.9975055717330908 0.06822413542948134 1906.681188405557 -0.13236421538311366 -0.07002713373125598 0.9887243877984371 -157.03553152877527
0.9906214688490236 0.008680882155525723 0.1363588931474416 145.77750926228597 -0.01850058371269962 0.9973109644652128 0.07091240060637492 1922.9959046518347 -0.13537663704525196 -0.07277006556594529 0.9881182539047859 -158.10220829647096
0.9903709918768251 0.008218425466028828 0.13819463061842654 146.922733877485 -0.018335975971957973 0.9972288855894959 0.07209952656634125 1939.2762340475804 -0.13721913290084148 -0.07393921306583248 0.9877772534013642 -159.29285439883455
0.9895921359054352 0.008061496333675835 0.14367469098964958 147.07572270109276 -0.018960471605616664 0.9970293868836939 0.07465187343141999 1955.580916112432 -0.14264608326414266 -0.07659904677729854 0.9868052902990564 -160.69256108670555
0.989283902940016 0.00783350791285352 0.14579436044490404 148.02491905892884 -0.018983335050704365 0.9969845067500236 0.07524311457380971 1971.8707129298687 -0.1447653010016938 -0.07720446524777244 0.986449430113724 -161.9628635628117
0.9889913922277975 0.007295620159383243 0.1477930987083064 149.00232373637547 -0.018595438679514624 0.996993537938494 0.07522030955270292 1988.1552316099485 -0.14679998555731733 -0.07714051617262176 0.9861536923852129 -163.2963037948433
0.988789924401509 0.00710170734835894 0.1491443969942779 150.82220028412917 -0.018574471652815363 0.9969597066623542 0.0756725332900536 2004.3597262850299 -0.14815355009201223 -0.07759451684529159 0.98591562344385 -164.73433221185377
0.9889040787231757 0.006553489105278838 0.14841083136080202 153.06017131442135 -0.017035668681880112 0.9974386478913085 0.06946891164630986 2020.538596835695 -0.14757543520931093 -0.07122636782336106 0.9864827902449538 -165.85131856894424
0.9886514141339278 0.006578565447339687 0.15008365603099427 154.77261805538137 -0.01721719511726922 0.9974196967743916 0.06969588710087506 2036.756385753709 -0.14923789573452004 -0.07148895693139777 0.986213658145936 -167.30362338814916
0.9884323937450221 0.006410136963990527 0.15152660868500253 156.60823607360933 -0.017268952567360746 0.997365404313138 0.07045589795411061 2052.967025817799 -0.15067576537950703 -0.07225759768631107 0.9859389703748904 -168.70011290913396
0.9884323937448083 0.006410136962251598 0.15152660868647091 159.00117817800458 -0.01726895256648626 0.9973654043127964 0.07045589795915978 2069.095048669822 -0.15067576538101 -0.07225759769117972 0.9859389703743039 -170.22039841797366
0.9883934335550163 0.00645879535697611 0.15177847168769193 161.12117638790411 -0.016852192025835894 0.997591045695574 0.06729122655992184 2085.2880035210537 -0.1509782240233279 -0.06906800641795877 0.986121283798401 -171.44119172571342
0.9878902416476163 0.0064961609631895845 0.15501829037291975 162.19051233378562 -0.017264381154870344 0.9975209534842294 0.06821941441595962 2101.5830816534262 -0.1541908285234278 -0.0700695886434159 0.9855533679850105 -172.69388425921906
0.9875636714433242 0.006700286968234226 0.15707673602387404 163.67434169986777 -0.017498818814860758 0.9975681658660167 0.06746514500688157 2117.8409166219712 -0.15624271562365524 -0.0693747836411639 0.9852793275052935 -174.02397389018716
0.9870737352792313 0.006850885145501454 0.160120287579739 164.808108720872 -0.01774732678185829 0.997613824735539 0.0667209793740382 2134.1327200737537 -0.15928111474368736 -0.0687002334003035 0.984839989245333 -175.29893391462028
0.9868495150437411 0.0071534575626849145 0.16148332020001624 166.56992957576182 -0.017898196837157897 0.9977128958739417 0.06518153079526731 2150.3786677376324 -0.16064771771767886 -0.06721462230597622 0.9847205214376114 -176.4585613734366
0.9866182273864182 0.007514705462044658 0.16287419252505775 168.24114759360813 -0.017985892236242487 0.9978570495718719 0.06291117786361808 2166.6138923761982 -0.16205240223253636 -0.06499875246141636 0.9846391121162714 -177.8902885739964
0.9862396829848935 0.007520670890272656 0.1651506197845048 169.75711410120434 -0.01838375076330206 0.997758227616661 0.06434715946438486 2182.8752363065723 -0.16429645587692163 -0.06649780998365763 0.9841670162394467 -179.20999736551778
0.9862396841572837 0.007520667377082684 0.16515061294325623 172.16462816380474 -0.018383747300350667 0.9977582274645471 0.06434716281239529 2199.0180612353 -0.16429644922677233 -0.06649781266336195 0.9841670171685587 -180.66944310036558
0.9858341327670259 0.007460167039604691 0.1675571800288355 173.4831628113458 -0.018182763087132875 0.9978761255622448 0.06255098048314672 2215.2957849564486 -0.16673466885441118 -0.06471154410634357 0.9838759913024496 -182.03322467950224
0.9851791186277926 0.007440567817389032 0.171367272751565 174.29024900457185 -0.018616085625673053 0.9977954759546004 0.0636995252769815 2231.5921053670213 -0.1705155288404273 -0.06594562999236712 0.9831457818193465 -183.57824107404267
0.9851790927442854 0.007440651555532682 0.1713674179182388 176.68987979276974 -0.018616498222310044 0.9977953512317373 0.06370135833932802 2247.7367671940883 -0.17051563334038453 -0.06594750764635508 0.9831456377474072 -185.0769131717575
0.9846289127395353 0.007605980459382242 0.17449370549850873 177.827654364792 -0.019417719032976875 0.9976250748308815 0.06608450844363961 2264.027010432243 -0.17357665852557416 -0.0684569874441811 0.9824381835439613 -186.50295964654458
0.9840878299051594 0.007659341231506588 0.17751754145560147 178.942176564272 -0.01965294698141554 0.9976324457445194 0.06590345114450809 2280.332285516525 -0.17659248202425304 -0.06834352705055839 0.9819084772028386 -187.78428001117516
0.9839891616205046 0.007586353616465553 0.17806677694665374 181.25263907940902 -0.019998486676858603 0.9974839148621965 0.06801397004898468 2296.5133868509593 -0.17710276774798736 -0.07048607543334265 0.9816650767069192 -189.05915718899328
0.9832802362214469 0.007585639407846221 0.1819407462089148 181.98695266195304 -0.020167250680099166 0.9975220388820467 0.06740225474427533 2312.8233606124086 -0.18097861491426884 -0.06994454960453028 0.9809966875195478 -190.57005173591602
0.9827043721210049 0.007730366839370042 0.18501988661432253 183.0033996250742 -0.0198590577335132 0.9977657069167387 0.06379037487645958 2329.1330154883403 -0.18411337496277524 -0.06636140090045828 0.9806622403408515 -191.92828023032365
0.9827043721211701 0.007730366839698071 0.1850198866134315 185.4079574715214 -0.019859057732945454 0.9977657069170359 0.0637903748719876 2345.284897856087 -0.1841133749619548 -0.0663614008959516 0.9806622403413104 -193.4325959730575
0.9825423411681496 0.007814911808731695 0.1858748906259794 187.5247327805148 -0.02030909724141159 0.9976518107553519 0.06540951815911845 2361.4813331664695 -0.18492725159109302 -0.06804257233520243 0.9803938596140663 -194.90507883299864
0.981902662716571 0.008498977746132268 0.18919547649815907 188.48009822478596 -0.02088584121785702 0.9977585445540219 0.06357411742261698 2377.8070048374866 -0.18823108825779977 -0.06637510185840273 0.9798792799455266 -196.16140286210987
0.9806787360865284 -0.0013581979939337903 0.19562047920891462 185.77760408370625 -0.01929857580072417 0.9944264468496299 0.1036513713275705 2376.4866836890164 -0.19467095715534535 -0.1054238924733464 0.9751866597405764 -212.28644698125754
0.9808742504983031 -0.0013573633341644826 0.19463777196155604 188.4870982513909 -0.01930703834105176 0.994365586684262 0.10423204060442454 2392.531633186154 -0.19368258305762887 -0.10599640363165411 0.9753213928942975 -214.36660311316254
0.9796207061987231 -0.010321608826821442 0.20059096783736113 185.99593669987783 -0.019142801799139728 0.9893350331524968 0.14439440888216082 2391.0011058486843 -0.19994205442072596 -0.14529162594029968 0.9689754993319677 -230.50988138059634
0.9788777151441288 -0.011091034092031146 0.2041455553201373 187.30822916641569 -0.019820155750927868 0.9886759667177895 0.14875145128923992 2407.1663280009957 -0.20348361167476203 -0.14965567746469097 0.9675730452954817 -232.9922839847743
0.9787399356528094 -0.011448005840444276 0.2047854524144714 189.5370624016278 -0.019206244529843694 0.9889385150471148 0.14707730493678822 2423.2059163451245 -0.20420396305992922 -0.14788359144504956 0.9676937453822497 -235.6395115848752
0.9784733232929733 -0.0114418315326858 0.2060559149725384 191.60249245018167 -0.019386823308543386 0.9889503278715087 0.14697414767516268 2439.249146432527 -0.205460718109312 -0.1478050523291233 0.9674396931178627 -238.40315670447418
0.9776314295817679 -0.011422031196870668 0.2100150592153661 192.5356429639051 -0.019984884906393285 0.9889617491505639 0.14681710762829048 2455.4276372543663 -0.20937380989314944 -0.14773014560473627 0.9666118206448874 -240.99540684247592
0.9770160391047154 -0.011078731079360908 0.21287771384010895 193.8790095428003 -0.020447812001060536 0.9891725373910276 0.14532576597344024 2471.530913551537 -0.21218281343334067 -0.14633848772304953 0.9662108986626244 -243.86926879326654
0.9766178545782108 -0.010778838422658631 0.21471232559240186 195.62861085692617 -0.02026379125507298 0.9896803065671584 0.14185298571798838 2487.6383787360683 -0.2140255706288589 -0.14288704432311305 0.9663210375861583 -246.49849194561116
0.9757595367936017 -0.010212041363461636 0.21860704601525005 196.59387243652873 -0.02129314677746667 0.9897410048815279 0.1412775465401992 2503.8083177842213 -0.21780708954631034 -0.14250774528879429 0.9655317779731869 -249.15759147998395
0.975544446483632 -0.009711581282140273 0.21958760922222045 198.6961228768495 -0.021587574933247273 0.9899602440189775 0.13968783723141012 2519.8539425153317 -0.2187395929945699 -0.14101205782091086 0.96554056880365 -251.92036952853965
0.9755114483455283 -0.009342027640180035 0.21975017785286596 201.20288146737673 -0.021717648361862234 0.9901241659280268 0.13850082958221202 2535.8613688904716 -0.21887384013724678 -0.13988160195286792 0.9656745722750851 -254.57327500947272
0.9749646523097195 -0.009467759008506669 0.22215825054661162 202.8163032820432 -0.022043150700410095 0.9900565511438856 0.13893208788568218 2551.9619629615977 -0.2212646068709854 -0.14035094255626782 0.9650614419143422 -257.36109340210146
0.9742857756171698 -0.009658357170665545 0.22510873720671074 204.3187435084211 -0.023028966331515455 0.9895801996810419 0.1421291493991737 2568.1052870916496 -0.22413588320422137 -0.1436584300902478 0.9639114903995402 -259.9658236094158
0.9733972029183826 -0.009642336619147717 0.2289211888296449 205.2222763132668 -0.022522028270169622 0.9902489983162288 0.13747610547402073 2584.2043443615967 -0.22801456881798327 -0.13897462602298835 0.9636884401758246 -263.07986657235875
0.9723429631196931 -0.012555344416821896 0.23321990780843763 206.35256226612006 -0.02019397433674151 0.9902951605396003 0.1375052668530744 2600.4131181571347 -0.23268297202865212 -0.1384119154495852 0.9626529884592292 -265.47477349903903
